X
(1, 1, 1): 12.0
(1, 1, 2): 12.0
(1, 1, 3): 10.0
(1, 1, 4): 7.0
(1, 1, 5): 10.0
(1, 1, 6): 10.0
(1, 1, 7): 10.0
(1, 1, 8): 10.0
(1, 1, 9): 8.0
(1, 1, 10): 8.0
(1, 1, 11): 7.0
(1, 1, 12): 5.0
(1, 2, 1): 7.0
(1, 2, 2): 9.0
(1, 2, 3): 8.0
(1, 2, 4): 6.0
(1, 2, 5): 8.0
(1, 2, 6): 8.0
(1, 2, 7): 8.0
(1, 2, 8): 8.0
(1, 2, 9): 7.0
(1, 2, 10): 5.0
(1, 2, 11): 5.0
(1, 2, 12): 5.0
(1, 3, 1): 14.0
(1, 3, 2): 11.0
(1, 3, 3): 10.0
(1, 3, 4): 8.0
(1, 3, 5): 11.0
(1, 3, 6): 11.0
(1, 3, 7): 11.0
(1, 3, 8): 10.0
(1, 3, 9): 9.0
(1, 3, 10): 7.0
(1, 3, 11): 7.0
(1, 3, 12): 6.0
(2, 1, 1): -0.0
(2, 1, 2): -0.0
(2, 1, 3): -0.0
(2, 1, 4): -0.0
(2, 1, 5): -0.0
(2, 1, 6): -0.0
(2, 1, 7): -0.0
(2, 1, 8): -0.0
(2, 1, 9): -0.0
(2, 1, 10): -0.0
(2, 1, 11): -0.0
(2, 1, 12): -0.0
(2, 2, 1): 2.0
(2, 2, 2): -0.0
(2, 2, 3): -0.0
(2, 2, 4): -0.0
(2, 2, 5): -0.0
(2, 2, 6): -0.0
(2, 2, 7): -0.0
(2, 2, 8): -0.0
(2, 2, 9): -0.0
(2, 2, 10): -0.0
(2, 2, 11): -0.0
(2, 2, 12): 0.0
(2, 3, 1): -0.0
(2, 3, 2): -0.0
(2, 3, 3): -0.0
(2, 3, 4): -0.0
(2, 3, 5): -0.0
(2, 3, 6): -0.0
(2, 3, 7): -0.0
(2, 3, 8): -0.0
(2, 3, 9): -0.0
(2, 3, 10): -0.0
(2, 3, 11): -0.0
(2, 3, 12): 0.0
(3, 1, 1): -0.0
(3, 1, 2): -0.0
(3, 1, 3): -0.0
(3, 1, 4): -0.0
(3, 1, 5): -0.0
(3, 1, 6): -0.0
(3, 1, 7): -0.0
(3, 1, 8): -0.0
(3, 1, 9): -0.0
(3, 1, 10): -0.0
(3, 1, 11): -0.0
(3, 1, 12): -0.0
(3, 2, 1): -0.0
(3, 2, 2): -0.0
(3, 2, 3): -0.0
(3, 2, 4): -0.0
(3, 2, 5): -0.0
(3, 2, 6): -0.0
(3, 2, 7): -0.0
(3, 2, 8): -0.0
(3, 2, 9): -0.0
(3, 2, 10): -0.0
(3, 2, 11): -0.0
(3, 2, 12): -0.0
(3, 3, 1): -0.0
(3, 3, 2): -0.0
(3, 3, 3): -0.0
(3, 3, 4): -0.0
(3, 3, 5): -0.0
(3, 3, 6): -0.0
(3, 3, 7): -0.0
(3, 3, 8): -0.0
(3, 3, 9): -0.0
(3, 3, 10): -0.0
(3, 3, 11): -0.0
(3, 3, 12): -0.0

Y
(1, 1, 1): 1234440.0
(1, 1, 2): 205740.0
(1, 1, 3): 205740.0
(1, 1, 4): 342900.0
(1, 1, 5): 480060.0
(1, 1, 6): 514350.0
(1, 1, 7): 514350.0
(1, 1, 8): 480060.0
(1, 1, 9): 411480.0
(1, 1, 10): 342900.0
(1, 1, 11): 308610.0
(1, 1, 12): 240030.0
(1, 2, 1): 630000.0
(1, 2, 2): 570150.0
(1, 2, 3): 171450.0
(1, 2, 4): 285750.0
(1, 2, 5): 400050.0
(1, 2, 6): 428625.0
(1, 2, 7): 428625.0
(1, 2, 8): 400050.0
(1, 2, 9): 342900.0
(1, 2, 10): 285750.0
(1, 2, 11): 257175.0
(1, 2, 12): 200025.0
(1, 3, 1): 0.0
(1, 3, 2): 720090.0
(1, 3, 3): 102870.0
(1, 3, 4): 171450.0
(1, 3, 5): 240030.0
(1, 3, 6): 257175.0
(1, 3, 7): 256647.0
(1, 3, 8): 172585.0
(1, 3, 9): 255930.0
(1, 3, 10): 189233.0
(1, 3, 11): 152988.0
(1, 3, 12): 121312.0
(2, 1, 1): 0.0
(2, 1, 2): 0.0
(2, 1, 3): 822960.0
(2, 1, 4): 171450.0
(2, 1, 5): 240030.0
(2, 1, 6): 257175.0
(2, 1, 7): 9597.0
(2, 1, 8): 292495.0
(2, 1, 9): 106710.0
(2, 1, 10): 424925.0
(2, 1, 11): 194973.0
(2, 1, 12): 120015.0
(2, 2, 1): 617220.0
(2, 2, 2): 102870.0
(2, 2, 3): 102871.0
(2, 2, 4): 171450.0
(2, 2, 5): 240030.0
(2, 2, 6): 275175.0
(2, 2, 7): 275176.0
(2, 2, 8): 240030.0
(2, 2, 9): 205740.0
(2, 2, 10): 171450.0
(2, 2, 11): 154305.0
(2, 2, 12): 120015.0
(2, 3, 1): 2892780.0
(2, 3, 2): 482130.0
(2, 3, 3): 482130.0
(2, 3, 4): 803550.0
(2, 3, 5): 1124970.0
(2, 3, 6): 1205325.0
(2, 3, 7): 1205325.0
(2, 3, 8): 1124970.0
(2, 3, 9): 964260.0
(2, 3, 10): 803550.0
(2, 3, 11): 723195.0
(2, 3, 12): 562485.0
(3, 1, 1): 343170.0
(3, 1, 2): 2469255.0
(3, 1, 3): 401775.0
(3, 1, 4): 669625.0
(3, 1, 5): 937475.0
(3, 1, 6): 1004438.0
(3, 1, 7): 1004438.0
(3, 1, 8): 937475.0
(3, 1, 9): 803550.0
(3, 1, 10): 669625.0
(3, 1, 11): 602663.0
(3, 1, 12): 468738.0
(3, 2, 1): 0.0
(3, 2, 2): 640395.0
(3, 2, 3): 1288125.0
(3, 2, 4): 401775.0
(3, 2, 5): 562485.0
(3, 2, 6): 516712.0
(3, 2, 7): 516711.0
(3, 2, 8): 633465.0
(3, 2, 9): 578970.0
(3, 2, 10): 405858.0
(3, 2, 11): 237844.0
(3, 2, 12): 404972.0
(3, 3, 1): 0.0
(3, 3, 2): 225120.0
(3, 3, 3): 1652160.0
(3, 3, 4): 453015.0
(3, 3, 5): 562485.0
(3, 3, 6): 602399.0
(3, 3, 7): 602927.0
(3, 3, 8): 562485.0
(3, 3, 9): 482130.0
(3, 3, 10): 299817.0
(3, 3, 11): 463556.0
(3, 3, 12): 281243.0
(4, 1, 1): 1446390.0
(4, 1, 2): 241065.0
(4, 1, 3): 241065.0
(4, 1, 4): 401775.0
(4, 1, 5): 562485.0
(4, 1, 6): 602663.0
(4, 1, 7): 602663.0
(4, 1, 8): 562485.0
(4, 1, 9): 482130.0
(4, 1, 10): 401775.0
(4, 1, 11): 361598.0
(4, 1, 12): 281243.0
(4, 2, 1): 1272780.0
(4, 2, 2): 212130.0
(4, 2, 3): 212130.0
(4, 2, 4): 353550.0
(4, 2, 5): 494970.0
(4, 2, 6): 530325.0
(4, 2, 7): 530325.0
(4, 2, 8): 494970.0
(4, 2, 9): 424260.0
(4, 2, 10): 353550.0
(4, 2, 11): 318195.0
(4, 2, 12): 247485.0
(4, 3, 1): 0.0
(4, 3, 2): 1237425.0
(4, 3, 3): 176775.0
(4, 3, 4): 294625.0
(4, 3, 5): 412475.0
(4, 3, 6): 441938.0
(4, 3, 7): 441938.0
(4, 3, 8): 412475.0
(4, 3, 9): 353550.0
(4, 3, 10): 294625.0
(4, 3, 11): 265163.0
(4, 3, 12): 206238.0
(5, 1, 1): 0.0
(5, 1, 2): 107940.0
(5, 1, 3): 740580.0
(5, 1, 4): 176775.0
(5, 1, 5): 247485.0
(5, 1, 6): 141374.0
(5, 1, 7): 388952.0
(5, 1, 8): 247485.0
(5, 1, 9): 212130.0
(5, 1, 10): 176775.0
(5, 1, 11): 159098.0
(5, 1, 12): 123713.0
(5, 2, 1): 0.0
(5, 2, 2): 742455.0
(5, 2, 3): 106065.0
(5, 2, 4): 176775.0
(5, 2, 5): 247485.0
(5, 2, 6): 265163.0
(5, 2, 7): 265163.0
(5, 2, 8): 247485.0
(5, 2, 9): 212130.0
(5, 2, 10): 43392.0
(5, 2, 11): 292481.0
(5, 2, 12): 123743.0
(5, 3, 1): 635220.0
(5, 3, 2): 107235.0
(5, 3, 3): 106065.0
(5, 3, 4): 176775.0
(5, 3, 5): 247485.0
(5, 3, 6): 265163.0
(5, 3, 7): 265163.0
(5, 3, 8): 247485.0
(5, 3, 9): 212130.0
(5, 3, 10): 176775.0
(5, 3, 11): 159098.0
(5, 3, 12): 123743.0

I
(1, 1, 1): 0.0
(1, 1, 2): 0.0
(1, 1, 3): 0.0
(1, 1, 4): 0.0
(1, 1, 5): 0.0
(1, 1, 6): 0.0
(1, 1, 7): 0.0
(1, 1, 8): 0.0
(1, 1, 9): 0.0
(1, 1, 10): 0.0
(1, 1, 11): 0.0
(1, 1, 12): 0.0
(1, 2, 1): 398700.0
(1, 2, 2): 0.0
(1, 2, 3): 0.0
(1, 2, 4): 0.0
(1, 2, 5): 0.0
(1, 2, 6): 0.0
(1, 2, 7): 0.0
(1, 2, 8): 0.0
(1, 2, 9): 0.0
(1, 2, 10): 0.0
(1, 2, 11): 0.0
(1, 2, 12): 0.0
(1, 3, 1): 617220.0
(1, 3, 2): 0.0
(1, 3, 3): 0.0
(1, 3, 4): 0.0
(1, 3, 5): 0.0
(1, 3, 6): 0.0
(1, 3, 7): 528.0
(1, 3, 8): 67973.0
(1, 3, 9): 17783.0
(1, 3, 10): 0.0
(1, 3, 11): 1317.0
(1, 3, 12): 20.0
(2, 1, 1): 617220.0
(2, 1, 2): 720090.0
(2, 1, 3): 0.0
(2, 1, 4): 0.0
(2, 1, 5): 0.0
(2, 1, 6): 0.0
(2, 1, 7): 247578.0
(2, 1, 8): 195113.0
(2, 1, 9): 294143.0
(2, 1, 10): 40668.0
(2, 1, 11): 0.0
(2, 1, 12): 0.0
(2, 2, 1): 0.0
(2, 2, 2): 0.0
(2, 2, 3): 0.0
(2, 2, 4): 0.0
(2, 2, 5): 0.0
(2, 2, 6): 0.0
(2, 2, 7): 0.0
(2, 2, 8): 0.0
(2, 2, 9): 0.0
(2, 2, 10): 0.0
(2, 2, 11): 0.0
(2, 2, 12): 0.0
(2, 3, 1): 0.0
(2, 3, 2): 0.0
(2, 3, 3): 0.0
(2, 3, 4): 0.0
(2, 3, 5): 0.0
(2, 3, 6): 0.0
(2, 3, 7): 0.0
(2, 3, 8): 0.0
(2, 3, 9): 0.0
(2, 3, 10): 0.0
(2, 3, 11): 0.0
(2, 3, 12): 0.0
(3, 1, 1): 2067480.0
(3, 1, 2): 0.0
(3, 1, 3): 0.0
(3, 1, 4): 0.0
(3, 1, 5): 0.0
(3, 1, 6): 0.0
(3, 1, 7): 0.0
(3, 1, 8): 0.0
(3, 1, 9): 0.0
(3, 1, 10): 0.0
(3, 1, 11): 0.0
(3, 1, 12): 0.0
(3, 2, 1): 1446390.0
(3, 2, 2): 1047060.0
(3, 2, 3): 0.0
(3, 2, 4): 0.0
(3, 2, 5): 0.0
(3, 2, 6): 85951.0
(3, 2, 7): 171903.0
(3, 2, 8): 100923.0
(3, 2, 9): 4083.0
(3, 2, 10): 0.0
(3, 2, 11): 123754.0
(3, 2, 12): 25.0
(3, 3, 1): 1446390.0
(3, 3, 2): 1462335.0
(3, 3, 3): 51240.0
(3, 3, 4): 0.0
(3, 3, 5): 0.0
(3, 3, 6): 264.0
(3, 3, 7): 0.0
(3, 3, 8): 0.0
(3, 3, 9): 0.0
(3, 3, 10): 101958.0
(3, 3, 11): 0.0
(3, 3, 12): 0.0
(4, 1, 1): 0.0
(4, 1, 2): 0.0
(4, 1, 3): 0.0
(4, 1, 4): 0.0
(4, 1, 5): 0.0
(4, 1, 6): 0.0
(4, 1, 7): 0.0
(4, 1, 8): 0.0
(4, 1, 9): 0.0
(4, 1, 10): 0.0
(4, 1, 11): 0.0
(4, 1, 12): 0.0
(4, 2, 1): 0.0
(4, 2, 2): 0.0
(4, 2, 3): 0.0
(4, 2, 4): 0.0
(4, 2, 5): 0.0
(4, 2, 6): 0.0
(4, 2, 7): 0.0
(4, 2, 8): 0.0
(4, 2, 9): 0.0
(4, 2, 10): 0.0
(4, 2, 11): 0.0
(4, 2, 12): 0.0
(4, 3, 1): 1060650.0
(4, 3, 2): 0.0
(4, 3, 3): 0.0
(4, 3, 4): 0.0
(4, 3, 5): 0.0
(4, 3, 6): 0.0
(4, 3, 7): 0.0
(4, 3, 8): 0.0
(4, 3, 9): 0.0
(4, 3, 10): 0.0
(4, 3, 11): 0.0
(4, 3, 12): 0.0
(5, 1, 1): 636390.0
(5, 1, 2): 634515.0
(5, 1, 3): 0.0
(5, 1, 4): 0.0
(5, 1, 5): 0.0
(5, 1, 6): 123789.0
(5, 1, 7): 0.0
(5, 1, 8): 0.0
(5, 1, 9): 0.0
(5, 1, 10): 0.0
(5, 1, 11): 0.0
(5, 1, 12): 30.0
(5, 2, 1): 636390.0
(5, 2, 2): 0.0
(5, 2, 3): 0.0
(5, 2, 4): 0.0
(5, 2, 5): 0.0
(5, 2, 6): 0.0
(5, 2, 7): 0.0
(5, 2, 8): 0.0
(5, 2, 9): 0.0
(5, 2, 10): 133383.0
(5, 2, 11): 0.0
(5, 2, 12): 0.0
(5, 3, 1): 1170.0
(5, 3, 2): 0.0
(5, 3, 3): 0.0
(5, 3, 4): 0.0
(5, 3, 5): 0.0
(5, 3, 6): 0.0
(5, 3, 7): 0.0
(5, 3, 8): 0.0
(5, 3, 9): 0.0
(5, 3, 10): 0.0
(5, 3, 11): 0.0
(5, 3, 12): 0.0

A
(1, 1, 1, 1): -0.0
(1, 1, 1, 2): -0.0
(1, 1, 1, 3): -0.0
(1, 1, 1, 4): -0.0
(1, 1, 1, 5): -0.0
(1, 1, 1, 6): -0.0
(1, 1, 1, 7): -0.0
(1, 1, 1, 8): -0.0
(1, 1, 2, 1): -0.0
(1, 1, 2, 2): -0.0
(1, 1, 2, 3): -0.0
(1, 1, 2, 4): -0.0
(1, 1, 2, 5): -0.0
(1, 1, 2, 6): -0.0
(1, 1, 2, 7): -0.0
(1, 1, 2, 8): -0.0
(1, 1, 3, 1): -0.0
(1, 1, 3, 2): -0.0
(1, 1, 3, 3): -0.0
(1, 1, 3, 4): -0.0
(1, 1, 3, 5): -0.0
(1, 1, 3, 6): -0.0
(1, 1, 3, 7): -0.0
(1, 1, 3, 8): -0.0
(1, 1, 4, 1): -0.0
(1, 1, 4, 2): -0.0
(1, 1, 4, 3): -0.0
(1, 1, 4, 4): -0.0
(1, 1, 4, 5): -0.0
(1, 1, 4, 6): -0.0
(1, 1, 4, 7): -0.0
(1, 1, 4, 8): -0.0
(1, 1, 5, 1): -0.0
(1, 1, 5, 2): -0.0
(1, 1, 5, 3): -0.0
(1, 1, 5, 4): -0.0
(1, 1, 5, 5): -0.0
(1, 1, 5, 6): -0.0
(1, 1, 5, 7): -0.0
(1, 1, 5, 8): -0.0
(1, 1, 6, 1): -0.0
(1, 1, 6, 2): -0.0
(1, 1, 6, 3): -0.0
(1, 1, 6, 4): -0.0
(1, 1, 6, 5): -0.0
(1, 1, 6, 6): -0.0
(1, 1, 6, 7): -0.0
(1, 1, 6, 8): -0.0
(1, 1, 7, 1): -0.0
(1, 1, 7, 2): -0.0
(1, 1, 7, 3): -0.0
(1, 1, 7, 4): -0.0
(1, 1, 7, 5): -0.0
(1, 1, 7, 6): -0.0
(1, 1, 7, 7): -0.0
(1, 1, 7, 8): -0.0
(1, 1, 8, 1): -0.0
(1, 1, 8, 2): -0.0
(1, 1, 8, 3): -0.0
(1, 1, 8, 4): -0.0
(1, 1, 8, 5): -0.0
(1, 1, 8, 6): -0.0
(1, 1, 8, 7): -0.0
(1, 1, 8, 8): -0.0
(1, 1, 9, 1): -0.0
(1, 1, 9, 2): -0.0
(1, 1, 9, 3): -0.0
(1, 1, 9, 4): -0.0
(1, 1, 9, 5): -0.0
(1, 1, 9, 6): -0.0
(1, 1, 9, 7): -0.0
(1, 1, 9, 8): -0.0
(1, 1, 10, 1): -0.0
(1, 1, 10, 2): -0.0
(1, 1, 10, 3): -0.0
(1, 1, 10, 4): -0.0
(1, 1, 10, 5): -0.0
(1, 1, 10, 6): -0.0
(1, 1, 10, 7): -0.0
(1, 1, 10, 8): -0.0
(1, 1, 11, 1): -0.0
(1, 1, 11, 2): -0.0
(1, 1, 11, 3): -0.0
(1, 1, 11, 4): -0.0
(1, 1, 11, 5): -0.0
(1, 1, 11, 6): -0.0
(1, 1, 11, 7): -0.0
(1, 1, 11, 8): -0.0
(1, 1, 12, 1): -0.0
(1, 1, 12, 2): -0.0
(1, 1, 12, 3): -0.0
(1, 1, 12, 4): -0.0
(1, 1, 12, 5): -0.0
(1, 1, 12, 6): -0.0
(1, 1, 12, 7): -0.0
(1, 1, 12, 8): -0.0
(1, 2, 1, 1): -0.0
(1, 2, 1, 2): -0.0
(1, 2, 1, 3): -0.0
(1, 2, 1, 4): -0.0
(1, 2, 1, 5): -0.0
(1, 2, 1, 6): -0.0
(1, 2, 1, 7): -0.0
(1, 2, 1, 8): -0.0
(1, 2, 2, 1): -0.0
(1, 2, 2, 2): -0.0
(1, 2, 2, 3): -0.0
(1, 2, 2, 4): -0.0
(1, 2, 2, 5): -0.0
(1, 2, 2, 6): -0.0
(1, 2, 2, 7): -0.0
(1, 2, 2, 8): -0.0
(1, 2, 3, 1): -0.0
(1, 2, 3, 2): -0.0
(1, 2, 3, 3): -0.0
(1, 2, 3, 4): -0.0
(1, 2, 3, 5): -0.0
(1, 2, 3, 6): -0.0
(1, 2, 3, 7): -0.0
(1, 2, 3, 8): -0.0
(1, 2, 4, 1): -0.0
(1, 2, 4, 2): -0.0
(1, 2, 4, 3): -0.0
(1, 2, 4, 4): -0.0
(1, 2, 4, 5): -0.0
(1, 2, 4, 6): -0.0
(1, 2, 4, 7): -0.0
(1, 2, 4, 8): -0.0
(1, 2, 5, 1): -0.0
(1, 2, 5, 2): -0.0
(1, 2, 5, 3): -0.0
(1, 2, 5, 4): -0.0
(1, 2, 5, 5): -0.0
(1, 2, 5, 6): -0.0
(1, 2, 5, 7): -0.0
(1, 2, 5, 8): -0.0
(1, 2, 6, 1): -0.0
(1, 2, 6, 2): -0.0
(1, 2, 6, 3): -0.0
(1, 2, 6, 4): -0.0
(1, 2, 6, 5): -0.0
(1, 2, 6, 6): -0.0
(1, 2, 6, 7): -0.0
(1, 2, 6, 8): -0.0
(1, 2, 7, 1): -0.0
(1, 2, 7, 2): -0.0
(1, 2, 7, 3): -0.0
(1, 2, 7, 4): -0.0
(1, 2, 7, 5): -0.0
(1, 2, 7, 6): -0.0
(1, 2, 7, 7): -0.0
(1, 2, 7, 8): -0.0
(1, 2, 8, 1): -0.0
(1, 2, 8, 2): -0.0
(1, 2, 8, 3): -0.0
(1, 2, 8, 4): -0.0
(1, 2, 8, 5): -0.0
(1, 2, 8, 6): -0.0
(1, 2, 8, 7): -0.0
(1, 2, 8, 8): -0.0
(1, 2, 9, 1): -0.0
(1, 2, 9, 2): -0.0
(1, 2, 9, 3): -0.0
(1, 2, 9, 4): -0.0
(1, 2, 9, 5): -0.0
(1, 2, 9, 6): -0.0
(1, 2, 9, 7): -0.0
(1, 2, 9, 8): -0.0
(1, 2, 10, 1): -0.0
(1, 2, 10, 2): -0.0
(1, 2, 10, 3): -0.0
(1, 2, 10, 4): -0.0
(1, 2, 10, 5): -0.0
(1, 2, 10, 6): -0.0
(1, 2, 10, 7): -0.0
(1, 2, 10, 8): -0.0
(1, 2, 11, 1): -0.0
(1, 2, 11, 2): -0.0
(1, 2, 11, 3): -0.0
(1, 2, 11, 4): -0.0
(1, 2, 11, 5): -0.0
(1, 2, 11, 6): -0.0
(1, 2, 11, 7): -0.0
(1, 2, 11, 8): -0.0
(1, 2, 12, 1): -0.0
(1, 2, 12, 2): -0.0
(1, 2, 12, 3): -0.0
(1, 2, 12, 4): -0.0
(1, 2, 12, 5): -0.0
(1, 2, 12, 6): -0.0
(1, 2, 12, 7): -0.0
(1, 2, 12, 8): -0.0
(1, 3, 1, 1): -0.0
(1, 3, 1, 2): -0.0
(1, 3, 1, 3): -0.0
(1, 3, 1, 4): -0.0
(1, 3, 1, 5): -0.0
(1, 3, 1, 6): -0.0
(1, 3, 1, 7): -0.0
(1, 3, 1, 8): -0.0
(1, 3, 2, 1): -0.0
(1, 3, 2, 2): -0.0
(1, 3, 2, 3): -0.0
(1, 3, 2, 4): -0.0
(1, 3, 2, 5): -0.0
(1, 3, 2, 6): -0.0
(1, 3, 2, 7): -0.0
(1, 3, 2, 8): -0.0
(1, 3, 3, 1): -0.0
(1, 3, 3, 2): -0.0
(1, 3, 3, 3): -0.0
(1, 3, 3, 4): -0.0
(1, 3, 3, 5): -0.0
(1, 3, 3, 6): -0.0
(1, 3, 3, 7): -0.0
(1, 3, 3, 8): -0.0
(1, 3, 4, 1): -0.0
(1, 3, 4, 2): -0.0
(1, 3, 4, 3): -0.0
(1, 3, 4, 4): -0.0
(1, 3, 4, 5): -0.0
(1, 3, 4, 6): -0.0
(1, 3, 4, 7): -0.0
(1, 3, 4, 8): -0.0
(1, 3, 5, 1): -0.0
(1, 3, 5, 2): -0.0
(1, 3, 5, 3): -0.0
(1, 3, 5, 4): -0.0
(1, 3, 5, 5): -0.0
(1, 3, 5, 6): -0.0
(1, 3, 5, 7): -0.0
(1, 3, 5, 8): -0.0
(1, 3, 6, 1): -0.0
(1, 3, 6, 2): -0.0
(1, 3, 6, 3): -0.0
(1, 3, 6, 4): -0.0
(1, 3, 6, 5): -0.0
(1, 3, 6, 6): -0.0
(1, 3, 6, 7): -0.0
(1, 3, 6, 8): -0.0
(1, 3, 7, 1): -0.0
(1, 3, 7, 2): -0.0
(1, 3, 7, 3): -0.0
(1, 3, 7, 4): -0.0
(1, 3, 7, 5): -0.0
(1, 3, 7, 6): -0.0
(1, 3, 7, 7): -0.0
(1, 3, 7, 8): -0.0
(1, 3, 8, 1): -0.0
(1, 3, 8, 2): -0.0
(1, 3, 8, 3): -0.0
(1, 3, 8, 4): -0.0
(1, 3, 8, 5): -0.0
(1, 3, 8, 6): -0.0
(1, 3, 8, 7): -0.0
(1, 3, 8, 8): -0.0
(1, 3, 9, 1): -0.0
(1, 3, 9, 2): -0.0
(1, 3, 9, 3): -0.0
(1, 3, 9, 4): -0.0
(1, 3, 9, 5): -0.0
(1, 3, 9, 6): -0.0
(1, 3, 9, 7): -0.0
(1, 3, 9, 8): -0.0
(1, 3, 10, 1): -0.0
(1, 3, 10, 2): -0.0
(1, 3, 10, 3): -0.0
(1, 3, 10, 4): -0.0
(1, 3, 10, 5): -0.0
(1, 3, 10, 6): -0.0
(1, 3, 10, 7): -0.0
(1, 3, 10, 8): -0.0
(1, 3, 11, 1): -0.0
(1, 3, 11, 2): -0.0
(1, 3, 11, 3): -0.0
(1, 3, 11, 4): -0.0
(1, 3, 11, 5): -0.0
(1, 3, 11, 6): -0.0
(1, 3, 11, 7): -0.0
(1, 3, 11, 8): -0.0
(1, 3, 12, 1): -0.0
(1, 3, 12, 2): -0.0
(1, 3, 12, 3): -0.0
(1, 3, 12, 4): -0.0
(1, 3, 12, 5): -0.0
(1, 3, 12, 6): -0.0
(1, 3, 12, 7): -0.0
(1, 3, 12, 8): -0.0
(2, 1, 1, 1): -0.0
(2, 1, 1, 2): -0.0
(2, 1, 1, 3): -0.0
(2, 1, 1, 4): -0.0
(2, 1, 1, 5): -0.0
(2, 1, 1, 6): -0.0
(2, 1, 1, 7): -0.0
(2, 1, 1, 8): -0.0
(2, 1, 2, 1): -0.0
(2, 1, 2, 2): -0.0
(2, 1, 2, 3): -0.0
(2, 1, 2, 4): -0.0
(2, 1, 2, 5): -0.0
(2, 1, 2, 6): -0.0
(2, 1, 2, 7): -0.0
(2, 1, 2, 8): -0.0
(2, 1, 3, 1): -0.0
(2, 1, 3, 2): -0.0
(2, 1, 3, 3): -0.0
(2, 1, 3, 4): -0.0
(2, 1, 3, 5): -0.0
(2, 1, 3, 6): -0.0
(2, 1, 3, 7): -0.0
(2, 1, 3, 8): -0.0
(2, 1, 4, 1): -0.0
(2, 1, 4, 2): -0.0
(2, 1, 4, 3): -0.0
(2, 1, 4, 4): -0.0
(2, 1, 4, 5): -0.0
(2, 1, 4, 6): -0.0
(2, 1, 4, 7): -0.0
(2, 1, 4, 8): -0.0
(2, 1, 5, 1): -0.0
(2, 1, 5, 2): -0.0
(2, 1, 5, 3): -0.0
(2, 1, 5, 4): -0.0
(2, 1, 5, 5): -0.0
(2, 1, 5, 6): -0.0
(2, 1, 5, 7): -0.0
(2, 1, 5, 8): -0.0
(2, 1, 6, 1): -0.0
(2, 1, 6, 2): -0.0
(2, 1, 6, 3): -0.0
(2, 1, 6, 4): -0.0
(2, 1, 6, 5): -0.0
(2, 1, 6, 6): -0.0
(2, 1, 6, 7): -0.0
(2, 1, 6, 8): -0.0
(2, 1, 7, 1): -0.0
(2, 1, 7, 2): -0.0
(2, 1, 7, 3): -0.0
(2, 1, 7, 4): -0.0
(2, 1, 7, 5): -0.0
(2, 1, 7, 6): -0.0
(2, 1, 7, 7): -0.0
(2, 1, 7, 8): -0.0
(2, 1, 8, 1): -0.0
(2, 1, 8, 2): -0.0
(2, 1, 8, 3): -0.0
(2, 1, 8, 4): -0.0
(2, 1, 8, 5): -0.0
(2, 1, 8, 6): -0.0
(2, 1, 8, 7): -0.0
(2, 1, 8, 8): -0.0
(2, 1, 9, 1): -0.0
(2, 1, 9, 2): -0.0
(2, 1, 9, 3): -0.0
(2, 1, 9, 4): -0.0
(2, 1, 9, 5): -0.0
(2, 1, 9, 6): -0.0
(2, 1, 9, 7): -0.0
(2, 1, 9, 8): -0.0
(2, 1, 10, 1): -0.0
(2, 1, 10, 2): -0.0
(2, 1, 10, 3): -0.0
(2, 1, 10, 4): -0.0
(2, 1, 10, 5): -0.0
(2, 1, 10, 6): -0.0
(2, 1, 10, 7): -0.0
(2, 1, 10, 8): -0.0
(2, 1, 11, 1): -0.0
(2, 1, 11, 2): -0.0
(2, 1, 11, 3): -0.0
(2, 1, 11, 4): -0.0
(2, 1, 11, 5): -0.0
(2, 1, 11, 6): -0.0
(2, 1, 11, 7): -0.0
(2, 1, 11, 8): -0.0
(2, 1, 12, 1): -0.0
(2, 1, 12, 2): -0.0
(2, 1, 12, 3): -0.0
(2, 1, 12, 4): -0.0
(2, 1, 12, 5): -0.0
(2, 1, 12, 6): -0.0
(2, 1, 12, 7): -0.0
(2, 1, 12, 8): -0.0
(2, 2, 1, 1): -0.0
(2, 2, 1, 2): -0.0
(2, 2, 1, 3): -0.0
(2, 2, 1, 4): -0.0
(2, 2, 1, 5): -0.0
(2, 2, 1, 6): -0.0
(2, 2, 1, 7): -0.0
(2, 2, 1, 8): -0.0
(2, 2, 2, 1): -0.0
(2, 2, 2, 2): -0.0
(2, 2, 2, 3): -0.0
(2, 2, 2, 4): -0.0
(2, 2, 2, 5): -0.0
(2, 2, 2, 6): -0.0
(2, 2, 2, 7): -0.0
(2, 2, 2, 8): -0.0
(2, 2, 3, 1): -0.0
(2, 2, 3, 2): -0.0
(2, 2, 3, 3): -0.0
(2, 2, 3, 4): -0.0
(2, 2, 3, 5): -0.0
(2, 2, 3, 6): -0.0
(2, 2, 3, 7): -0.0
(2, 2, 3, 8): -0.0
(2, 2, 4, 1): -0.0
(2, 2, 4, 2): -0.0
(2, 2, 4, 3): -0.0
(2, 2, 4, 4): -0.0
(2, 2, 4, 5): -0.0
(2, 2, 4, 6): -0.0
(2, 2, 4, 7): -0.0
(2, 2, 4, 8): -0.0
(2, 2, 5, 1): -0.0
(2, 2, 5, 2): -0.0
(2, 2, 5, 3): -0.0
(2, 2, 5, 4): -0.0
(2, 2, 5, 5): -0.0
(2, 2, 5, 6): -0.0
(2, 2, 5, 7): -0.0
(2, 2, 5, 8): -0.0
(2, 2, 6, 1): -0.0
(2, 2, 6, 2): -0.0
(2, 2, 6, 3): -0.0
(2, 2, 6, 4): -0.0
(2, 2, 6, 5): -0.0
(2, 2, 6, 6): -0.0
(2, 2, 6, 7): -0.0
(2, 2, 6, 8): -0.0
(2, 2, 7, 1): -0.0
(2, 2, 7, 2): -0.0
(2, 2, 7, 3): -0.0
(2, 2, 7, 4): -0.0
(2, 2, 7, 5): -0.0
(2, 2, 7, 6): -0.0
(2, 2, 7, 7): -0.0
(2, 2, 7, 8): -0.0
(2, 2, 8, 1): -0.0
(2, 2, 8, 2): -0.0
(2, 2, 8, 3): -0.0
(2, 2, 8, 4): -0.0
(2, 2, 8, 5): -0.0
(2, 2, 8, 6): -0.0
(2, 2, 8, 7): -0.0
(2, 2, 8, 8): -0.0
(2, 2, 9, 1): -0.0
(2, 2, 9, 2): -0.0
(2, 2, 9, 3): -0.0
(2, 2, 9, 4): -0.0
(2, 2, 9, 5): -0.0
(2, 2, 9, 6): -0.0
(2, 2, 9, 7): -0.0
(2, 2, 9, 8): -0.0
(2, 2, 10, 1): -0.0
(2, 2, 10, 2): -0.0
(2, 2, 10, 3): -0.0
(2, 2, 10, 4): -0.0
(2, 2, 10, 5): -0.0
(2, 2, 10, 6): -0.0
(2, 2, 10, 7): -0.0
(2, 2, 10, 8): -0.0
(2, 2, 11, 1): -0.0
(2, 2, 11, 2): -0.0
(2, 2, 11, 3): -0.0
(2, 2, 11, 4): -0.0
(2, 2, 11, 5): -0.0
(2, 2, 11, 6): -0.0
(2, 2, 11, 7): -0.0
(2, 2, 11, 8): -0.0
(2, 2, 12, 1): -0.0
(2, 2, 12, 2): -0.0
(2, 2, 12, 3): -0.0
(2, 2, 12, 4): -0.0
(2, 2, 12, 5): -0.0
(2, 2, 12, 6): -0.0
(2, 2, 12, 7): -0.0
(2, 2, 12, 8): -0.0
(2, 3, 1, 1): -0.0
(2, 3, 1, 2): -0.0
(2, 3, 1, 3): -0.0
(2, 3, 1, 4): -0.0
(2, 3, 1, 5): -0.0
(2, 3, 1, 6): -0.0
(2, 3, 1, 7): -0.0
(2, 3, 1, 8): -0.0
(2, 3, 2, 1): -0.0
(2, 3, 2, 2): -0.0
(2, 3, 2, 3): -0.0
(2, 3, 2, 4): -0.0
(2, 3, 2, 5): -0.0
(2, 3, 2, 6): -0.0
(2, 3, 2, 7): -0.0
(2, 3, 2, 8): -0.0
(2, 3, 3, 1): -0.0
(2, 3, 3, 2): -0.0
(2, 3, 3, 3): -0.0
(2, 3, 3, 4): -0.0
(2, 3, 3, 5): -0.0
(2, 3, 3, 6): -0.0
(2, 3, 3, 7): -0.0
(2, 3, 3, 8): -0.0
(2, 3, 4, 1): -0.0
(2, 3, 4, 2): -0.0
(2, 3, 4, 3): -0.0
(2, 3, 4, 4): -0.0
(2, 3, 4, 5): -0.0
(2, 3, 4, 6): -0.0
(2, 3, 4, 7): -0.0
(2, 3, 4, 8): -0.0
(2, 3, 5, 1): -0.0
(2, 3, 5, 2): -0.0
(2, 3, 5, 3): -0.0
(2, 3, 5, 4): -0.0
(2, 3, 5, 5): -0.0
(2, 3, 5, 6): -0.0
(2, 3, 5, 7): -0.0
(2, 3, 5, 8): -0.0
(2, 3, 6, 1): -0.0
(2, 3, 6, 2): -0.0
(2, 3, 6, 3): -0.0
(2, 3, 6, 4): -0.0
(2, 3, 6, 5): -0.0
(2, 3, 6, 6): -0.0
(2, 3, 6, 7): -0.0
(2, 3, 6, 8): -0.0
(2, 3, 7, 1): -0.0
(2, 3, 7, 2): -0.0
(2, 3, 7, 3): -0.0
(2, 3, 7, 4): -0.0
(2, 3, 7, 5): -0.0
(2, 3, 7, 6): -0.0
(2, 3, 7, 7): -0.0
(2, 3, 7, 8): -0.0
(2, 3, 8, 1): -0.0
(2, 3, 8, 2): -0.0
(2, 3, 8, 3): -0.0
(2, 3, 8, 4): -0.0
(2, 3, 8, 5): -0.0
(2, 3, 8, 6): -0.0
(2, 3, 8, 7): -0.0
(2, 3, 8, 8): -0.0
(2, 3, 9, 1): -0.0
(2, 3, 9, 2): -0.0
(2, 3, 9, 3): -0.0
(2, 3, 9, 4): -0.0
(2, 3, 9, 5): -0.0
(2, 3, 9, 6): -0.0
(2, 3, 9, 7): -0.0
(2, 3, 9, 8): -0.0
(2, 3, 10, 1): -0.0
(2, 3, 10, 2): -0.0
(2, 3, 10, 3): -0.0
(2, 3, 10, 4): -0.0
(2, 3, 10, 5): -0.0
(2, 3, 10, 6): -0.0
(2, 3, 10, 7): -0.0
(2, 3, 10, 8): -0.0
(2, 3, 11, 1): -0.0
(2, 3, 11, 2): -0.0
(2, 3, 11, 3): -0.0
(2, 3, 11, 4): -0.0
(2, 3, 11, 5): -0.0
(2, 3, 11, 6): -0.0
(2, 3, 11, 7): -0.0
(2, 3, 11, 8): -0.0
(2, 3, 12, 1): -0.0
(2, 3, 12, 2): -0.0
(2, 3, 12, 3): -0.0
(2, 3, 12, 4): -0.0
(2, 3, 12, 5): -0.0
(2, 3, 12, 6): -0.0
(2, 3, 12, 7): -0.0
(2, 3, 12, 8): -0.0
(3, 1, 1, 1): -0.0
(3, 1, 1, 2): -0.0
(3, 1, 1, 3): -0.0
(3, 1, 1, 4): -0.0
(3, 1, 1, 5): -0.0
(3, 1, 1, 6): -0.0
(3, 1, 1, 7): -0.0
(3, 1, 1, 8): -0.0
(3, 1, 2, 1): -0.0
(3, 1, 2, 2): -0.0
(3, 1, 2, 3): -0.0
(3, 1, 2, 4): -0.0
(3, 1, 2, 5): -0.0
(3, 1, 2, 6): -0.0
(3, 1, 2, 7): -0.0
(3, 1, 2, 8): -0.0
(3, 1, 3, 1): -0.0
(3, 1, 3, 2): -0.0
(3, 1, 3, 3): -0.0
(3, 1, 3, 4): -0.0
(3, 1, 3, 5): -0.0
(3, 1, 3, 6): -0.0
(3, 1, 3, 7): -0.0
(3, 1, 3, 8): -0.0
(3, 1, 4, 1): -0.0
(3, 1, 4, 2): -0.0
(3, 1, 4, 3): -0.0
(3, 1, 4, 4): -0.0
(3, 1, 4, 5): -0.0
(3, 1, 4, 6): -0.0
(3, 1, 4, 7): -0.0
(3, 1, 4, 8): -0.0
(3, 1, 5, 1): -0.0
(3, 1, 5, 2): -0.0
(3, 1, 5, 3): -0.0
(3, 1, 5, 4): -0.0
(3, 1, 5, 5): -0.0
(3, 1, 5, 6): -0.0
(3, 1, 5, 7): -0.0
(3, 1, 5, 8): -0.0
(3, 1, 6, 1): -0.0
(3, 1, 6, 2): -0.0
(3, 1, 6, 3): -0.0
(3, 1, 6, 4): -0.0
(3, 1, 6, 5): -0.0
(3, 1, 6, 6): -0.0
(3, 1, 6, 7): -0.0
(3, 1, 6, 8): -0.0
(3, 1, 7, 1): -0.0
(3, 1, 7, 2): -0.0
(3, 1, 7, 3): -0.0
(3, 1, 7, 4): -0.0
(3, 1, 7, 5): -0.0
(3, 1, 7, 6): -0.0
(3, 1, 7, 7): -0.0
(3, 1, 7, 8): -0.0
(3, 1, 8, 1): -0.0
(3, 1, 8, 2): -0.0
(3, 1, 8, 3): -0.0
(3, 1, 8, 4): -0.0
(3, 1, 8, 5): -0.0
(3, 1, 8, 6): -0.0
(3, 1, 8, 7): -0.0
(3, 1, 8, 8): -0.0
(3, 1, 9, 1): -0.0
(3, 1, 9, 2): -0.0
(3, 1, 9, 3): -0.0
(3, 1, 9, 4): -0.0
(3, 1, 9, 5): -0.0
(3, 1, 9, 6): -0.0
(3, 1, 9, 7): -0.0
(3, 1, 9, 8): -0.0
(3, 1, 10, 1): -0.0
(3, 1, 10, 2): -0.0
(3, 1, 10, 3): -0.0
(3, 1, 10, 4): -0.0
(3, 1, 10, 5): -0.0
(3, 1, 10, 6): -0.0
(3, 1, 10, 7): -0.0
(3, 1, 10, 8): -0.0
(3, 1, 11, 1): -0.0
(3, 1, 11, 2): -0.0
(3, 1, 11, 3): -0.0
(3, 1, 11, 4): -0.0
(3, 1, 11, 5): -0.0
(3, 1, 11, 6): -0.0
(3, 1, 11, 7): -0.0
(3, 1, 11, 8): -0.0
(3, 1, 12, 1): -0.0
(3, 1, 12, 2): -0.0
(3, 1, 12, 3): -0.0
(3, 1, 12, 4): -0.0
(3, 1, 12, 5): -0.0
(3, 1, 12, 6): -0.0
(3, 1, 12, 7): -0.0
(3, 1, 12, 8): -0.0
(3, 2, 1, 1): -0.0
(3, 2, 1, 2): -0.0
(3, 2, 1, 3): -0.0
(3, 2, 1, 4): -0.0
(3, 2, 1, 5): -0.0
(3, 2, 1, 6): -0.0
(3, 2, 1, 7): -0.0
(3, 2, 1, 8): -0.0
(3, 2, 2, 1): -0.0
(3, 2, 2, 2): -0.0
(3, 2, 2, 3): -0.0
(3, 2, 2, 4): -0.0
(3, 2, 2, 5): -0.0
(3, 2, 2, 6): -0.0
(3, 2, 2, 7): -0.0
(3, 2, 2, 8): -0.0
(3, 2, 3, 1): -0.0
(3, 2, 3, 2): -0.0
(3, 2, 3, 3): -0.0
(3, 2, 3, 4): -0.0
(3, 2, 3, 5): -0.0
(3, 2, 3, 6): -0.0
(3, 2, 3, 7): -0.0
(3, 2, 3, 8): -0.0
(3, 2, 4, 1): -0.0
(3, 2, 4, 2): -0.0
(3, 2, 4, 3): -0.0
(3, 2, 4, 4): -0.0
(3, 2, 4, 5): -0.0
(3, 2, 4, 6): -0.0
(3, 2, 4, 7): -0.0
(3, 2, 4, 8): -0.0
(3, 2, 5, 1): -0.0
(3, 2, 5, 2): -0.0
(3, 2, 5, 3): -0.0
(3, 2, 5, 4): -0.0
(3, 2, 5, 5): -0.0
(3, 2, 5, 6): -0.0
(3, 2, 5, 7): -0.0
(3, 2, 5, 8): -0.0
(3, 2, 6, 1): -0.0
(3, 2, 6, 2): -0.0
(3, 2, 6, 3): -0.0
(3, 2, 6, 4): -0.0
(3, 2, 6, 5): -0.0
(3, 2, 6, 6): -0.0
(3, 2, 6, 7): -0.0
(3, 2, 6, 8): -0.0
(3, 2, 7, 1): -0.0
(3, 2, 7, 2): -0.0
(3, 2, 7, 3): -0.0
(3, 2, 7, 4): -0.0
(3, 2, 7, 5): -0.0
(3, 2, 7, 6): -0.0
(3, 2, 7, 7): -0.0
(3, 2, 7, 8): -0.0
(3, 2, 8, 1): -0.0
(3, 2, 8, 2): -0.0
(3, 2, 8, 3): -0.0
(3, 2, 8, 4): -0.0
(3, 2, 8, 5): -0.0
(3, 2, 8, 6): -0.0
(3, 2, 8, 7): -0.0
(3, 2, 8, 8): -0.0
(3, 2, 9, 1): -0.0
(3, 2, 9, 2): -0.0
(3, 2, 9, 3): -0.0
(3, 2, 9, 4): -0.0
(3, 2, 9, 5): -0.0
(3, 2, 9, 6): -0.0
(3, 2, 9, 7): -0.0
(3, 2, 9, 8): -0.0
(3, 2, 10, 1): -0.0
(3, 2, 10, 2): -0.0
(3, 2, 10, 3): -0.0
(3, 2, 10, 4): -0.0
(3, 2, 10, 5): -0.0
(3, 2, 10, 6): -0.0
(3, 2, 10, 7): -0.0
(3, 2, 10, 8): -0.0
(3, 2, 11, 1): -0.0
(3, 2, 11, 2): -0.0
(3, 2, 11, 3): -0.0
(3, 2, 11, 4): -0.0
(3, 2, 11, 5): -0.0
(3, 2, 11, 6): -0.0
(3, 2, 11, 7): -0.0
(3, 2, 11, 8): -0.0
(3, 2, 12, 1): -0.0
(3, 2, 12, 2): -0.0
(3, 2, 12, 3): -0.0
(3, 2, 12, 4): -0.0
(3, 2, 12, 5): -0.0
(3, 2, 12, 6): -0.0
(3, 2, 12, 7): -0.0
(3, 2, 12, 8): -0.0
(3, 3, 1, 1): -0.0
(3, 3, 1, 2): -0.0
(3, 3, 1, 3): -0.0
(3, 3, 1, 4): -0.0
(3, 3, 1, 5): -0.0
(3, 3, 1, 6): -0.0
(3, 3, 1, 7): -0.0
(3, 3, 1, 8): -0.0
(3, 3, 2, 1): -0.0
(3, 3, 2, 2): -0.0
(3, 3, 2, 3): -0.0
(3, 3, 2, 4): -0.0
(3, 3, 2, 5): -0.0
(3, 3, 2, 6): -0.0
(3, 3, 2, 7): -0.0
(3, 3, 2, 8): -0.0
(3, 3, 3, 1): -0.0
(3, 3, 3, 2): -0.0
(3, 3, 3, 3): -0.0
(3, 3, 3, 4): -0.0
(3, 3, 3, 5): -0.0
(3, 3, 3, 6): -0.0
(3, 3, 3, 7): -0.0
(3, 3, 3, 8): -0.0
(3, 3, 4, 1): -0.0
(3, 3, 4, 2): -0.0
(3, 3, 4, 3): -0.0
(3, 3, 4, 4): -0.0
(3, 3, 4, 5): -0.0
(3, 3, 4, 6): -0.0
(3, 3, 4, 7): -0.0
(3, 3, 4, 8): -0.0
(3, 3, 5, 1): -0.0
(3, 3, 5, 2): -0.0
(3, 3, 5, 3): -0.0
(3, 3, 5, 4): -0.0
(3, 3, 5, 5): -0.0
(3, 3, 5, 6): -0.0
(3, 3, 5, 7): -0.0
(3, 3, 5, 8): -0.0
(3, 3, 6, 1): -0.0
(3, 3, 6, 2): -0.0
(3, 3, 6, 3): -0.0
(3, 3, 6, 4): -0.0
(3, 3, 6, 5): -0.0
(3, 3, 6, 6): -0.0
(3, 3, 6, 7): -0.0
(3, 3, 6, 8): -0.0
(3, 3, 7, 1): -0.0
(3, 3, 7, 2): -0.0
(3, 3, 7, 3): -0.0
(3, 3, 7, 4): -0.0
(3, 3, 7, 5): -0.0
(3, 3, 7, 6): -0.0
(3, 3, 7, 7): -0.0
(3, 3, 7, 8): -0.0
(3, 3, 8, 1): -0.0
(3, 3, 8, 2): -0.0
(3, 3, 8, 3): -0.0
(3, 3, 8, 4): -0.0
(3, 3, 8, 5): -0.0
(3, 3, 8, 6): -0.0
(3, 3, 8, 7): -0.0
(3, 3, 8, 8): -0.0
(3, 3, 9, 1): -0.0
(3, 3, 9, 2): -0.0
(3, 3, 9, 3): -0.0
(3, 3, 9, 4): -0.0
(3, 3, 9, 5): -0.0
(3, 3, 9, 6): -0.0
(3, 3, 9, 7): -0.0
(3, 3, 9, 8): -0.0
(3, 3, 10, 1): -0.0
(3, 3, 10, 2): -0.0
(3, 3, 10, 3): -0.0
(3, 3, 10, 4): -0.0
(3, 3, 10, 5): -0.0
(3, 3, 10, 6): -0.0
(3, 3, 10, 7): -0.0
(3, 3, 10, 8): -0.0
(3, 3, 11, 1): -0.0
(3, 3, 11, 2): -0.0
(3, 3, 11, 3): -0.0
(3, 3, 11, 4): -0.0
(3, 3, 11, 5): -0.0
(3, 3, 11, 6): -0.0
(3, 3, 11, 7): -0.0
(3, 3, 11, 8): -0.0
(3, 3, 12, 1): -0.0
(3, 3, 12, 2): -0.0
(3, 3, 12, 3): -0.0
(3, 3, 12, 4): -0.0
(3, 3, 12, 5): -0.0
(3, 3, 12, 6): -0.0
(3, 3, 12, 7): -0.0
(3, 3, 12, 8): -0.0

Q
(1, 1, 1, 1): 5.0
(1, 1, 1, 2): 3.0
(1, 1, 1, 3): 3.0
(1, 1, 1, 4): 2.0
(1, 1, 1, 5): 12.0
(1, 1, 1, 6): 12.0
(1, 1, 1, 7): 12.0
(1, 1, 1, 8): 5.0
(1, 1, 2, 1): 5.0
(1, 1, 2, 2): 3.0
(1, 1, 2, 3): 3.0
(1, 1, 2, 4): 2.0
(1, 1, 2, 5): 12.0
(1, 1, 2, 6): 12.0
(1, 1, 2, 7): 12.0
(1, 1, 2, 8): 5.0
(1, 1, 3, 1): 4.0
(1, 1, 3, 2): 2.0
(1, 1, 3, 3): 3.0
(1, 1, 3, 4): 2.0
(1, 1, 3, 5): 10.0
(1, 1, 3, 6): 10.0
(1, 1, 3, 7): 10.0
(1, 1, 3, 8): 4.0
(1, 1, 4, 1): 3.0
(1, 1, 4, 2): 2.0
(1, 1, 4, 3): 2.0
(1, 1, 4, 4): 1.0
(1, 1, 4, 5): 7.0
(1, 1, 4, 6): 7.0
(1, 1, 4, 7): 7.0
(1, 1, 4, 8): 3.0
(1, 1, 5, 1): 4.0
(1, 1, 5, 2): 2.0
(1, 1, 5, 3): 3.0
(1, 1, 5, 4): 2.0
(1, 1, 5, 5): 10.0
(1, 1, 5, 6): 10.0
(1, 1, 5, 7): 10.0
(1, 1, 5, 8): 4.0
(1, 1, 6, 1): 4.0
(1, 1, 6, 2): 2.0
(1, 1, 6, 3): 3.0
(1, 1, 6, 4): 2.0
(1, 1, 6, 5): 10.0
(1, 1, 6, 6): 10.0
(1, 1, 6, 7): 10.0
(1, 1, 6, 8): 4.0
(1, 1, 7, 1): 4.0
(1, 1, 7, 2): 2.0
(1, 1, 7, 3): 3.0
(1, 1, 7, 4): 2.0
(1, 1, 7, 5): 10.0
(1, 1, 7, 6): 10.0
(1, 1, 7, 7): 10.0
(1, 1, 7, 8): 4.0
(1, 1, 8, 1): 4.0
(1, 1, 8, 2): 2.0
(1, 1, 8, 3): 3.0
(1, 1, 8, 4): 2.0
(1, 1, 8, 5): 10.0
(1, 1, 8, 6): 10.0
(1, 1, 8, 7): 10.0
(1, 1, 8, 8): 4.0
(1, 1, 9, 1): 3.0
(1, 1, 9, 2): 2.0
(1, 1, 9, 3): 2.0
(1, 1, 9, 4): 1.0
(1, 1, 9, 5): 8.0
(1, 1, 9, 6): 8.0
(1, 1, 9, 7): 8.0
(1, 1, 9, 8): 3.0
(1, 1, 10, 1): 3.0
(1, 1, 10, 2): 2.0
(1, 1, 10, 3): 2.0
(1, 1, 10, 4): 1.0
(1, 1, 10, 5): 8.0
(1, 1, 10, 6): 8.0
(1, 1, 10, 7): 8.0
(1, 1, 10, 8): 3.0
(1, 1, 11, 1): 3.0
(1, 1, 11, 2): 2.0
(1, 1, 11, 3): 2.0
(1, 1, 11, 4): 1.0
(1, 1, 11, 5): 7.0
(1, 1, 11, 6): 7.0
(1, 1, 11, 7): 7.0
(1, 1, 11, 8): 3.0
(1, 1, 12, 1): 2.0
(1, 1, 12, 2): 1.0
(1, 1, 12, 3): 2.0
(1, 1, 12, 4): 1.0
(1, 1, 12, 5): 5.0
(1, 1, 12, 6): 5.0
(1, 1, 12, 7): 5.0
(1, 1, 12, 8): 2.0
(1, 2, 1, 1): 3.0
(1, 2, 1, 2): 2.0
(1, 2, 1, 3): 2.0
(1, 2, 1, 4): 1.0
(1, 2, 1, 5): 7.0
(1, 2, 1, 6): 7.0
(1, 2, 1, 7): 7.0
(1, 2, 1, 8): 3.0
(1, 2, 2, 1): 4.0
(1, 2, 2, 2): 2.0
(1, 2, 2, 3): 2.0
(1, 2, 2, 4): 1.0
(1, 2, 2, 5): 9.0
(1, 2, 2, 6): 9.0
(1, 2, 2, 7): 9.0
(1, 2, 2, 8): 4.0
(1, 2, 3, 1): 3.0
(1, 2, 3, 2): 2.0
(1, 2, 3, 3): 2.0
(1, 2, 3, 4): 1.0
(1, 2, 3, 5): 8.0
(1, 2, 3, 6): 8.0
(1, 2, 3, 7): 8.0
(1, 2, 3, 8): 3.0
(1, 2, 4, 1): 3.0
(1, 2, 4, 2): 2.0
(1, 2, 4, 3): 2.0
(1, 2, 4, 4): 1.0
(1, 2, 4, 5): 6.0
(1, 2, 4, 6): 6.0
(1, 2, 4, 7): 6.0
(1, 2, 4, 8): 3.0
(1, 2, 5, 1): 3.0
(1, 2, 5, 2): 2.0
(1, 2, 5, 3): 2.0
(1, 2, 5, 4): 1.0
(1, 2, 5, 5): 8.0
(1, 2, 5, 6): 8.0
(1, 2, 5, 7): 8.0
(1, 2, 5, 8): 3.0
(1, 2, 6, 1): 3.0
(1, 2, 6, 2): 2.0
(1, 2, 6, 3): 2.0
(1, 2, 6, 4): 1.0
(1, 2, 6, 5): 8.0
(1, 2, 6, 6): 8.0
(1, 2, 6, 7): 8.0
(1, 2, 6, 8): 3.0
(1, 2, 7, 1): 3.0
(1, 2, 7, 2): 2.0
(1, 2, 7, 3): 2.0
(1, 2, 7, 4): 1.0
(1, 2, 7, 5): 8.0
(1, 2, 7, 6): 8.0
(1, 2, 7, 7): 8.0
(1, 2, 7, 8): 3.0
(1, 2, 8, 1): 3.0
(1, 2, 8, 2): 2.0
(1, 2, 8, 3): 2.0
(1, 2, 8, 4): 1.0
(1, 2, 8, 5): 8.0
(1, 2, 8, 6): 8.0
(1, 2, 8, 7): 8.0
(1, 2, 8, 8): 3.0
(1, 2, 9, 1): 3.0
(1, 2, 9, 2): 2.0
(1, 2, 9, 3): 2.0
(1, 2, 9, 4): 1.0
(1, 2, 9, 5): 7.0
(1, 2, 9, 6): 7.0
(1, 2, 9, 7): 7.0
(1, 2, 9, 8): 3.0
(1, 2, 10, 1): 2.0
(1, 2, 10, 2): 1.0
(1, 2, 10, 3): 2.0
(1, 2, 10, 4): 1.0
(1, 2, 10, 5): 5.0
(1, 2, 10, 6): 5.0
(1, 2, 10, 7): 5.0
(1, 2, 10, 8): 2.0
(1, 2, 11, 1): 2.0
(1, 2, 11, 2): 1.0
(1, 2, 11, 3): 2.0
(1, 2, 11, 4): 1.0
(1, 2, 11, 5): 5.0
(1, 2, 11, 6): 5.0
(1, 2, 11, 7): 5.0
(1, 2, 11, 8): 2.0
(1, 2, 12, 1): 2.0
(1, 2, 12, 2): 1.0
(1, 2, 12, 3): 2.0
(1, 2, 12, 4): 1.0
(1, 2, 12, 5): 5.0
(1, 2, 12, 6): 5.0
(1, 2, 12, 7): 5.0
(1, 2, 12, 8): 2.0
(1, 3, 1, 1): 5.0
(1, 3, 1, 2): 3.0
(1, 3, 1, 3): 4.0
(1, 3, 1, 4): 2.0
(1, 3, 1, 5): 14.0
(1, 3, 1, 6): 14.0
(1, 3, 1, 7): 14.0
(1, 3, 1, 8): 6.0
(1, 3, 2, 1): 4.0
(1, 3, 2, 2): 2.0
(1, 3, 2, 3): 3.0
(1, 3, 2, 4): 2.0
(1, 3, 2, 5): 11.0
(1, 3, 2, 6): 11.0
(1, 3, 2, 7): 11.0
(1, 3, 2, 8): 4.0
(1, 3, 3, 1): 4.0
(1, 3, 3, 2): 2.0
(1, 3, 3, 3): 3.0
(1, 3, 3, 4): 2.0
(1, 3, 3, 5): 10.0
(1, 3, 3, 6): 10.0
(1, 3, 3, 7): 10.0
(1, 3, 3, 8): 4.0
(1, 3, 4, 1): 3.0
(1, 3, 4, 2): 2.0
(1, 3, 4, 3): 2.0
(1, 3, 4, 4): 1.0
(1, 3, 4, 5): 8.0
(1, 3, 4, 6): 8.0
(1, 3, 4, 7): 8.0
(1, 3, 4, 8): 3.0
(1, 3, 5, 1): 4.0
(1, 3, 5, 2): 2.0
(1, 3, 5, 3): 3.0
(1, 3, 5, 4): 2.0
(1, 3, 5, 5): 11.0
(1, 3, 5, 6): 11.0
(1, 3, 5, 7): 11.0
(1, 3, 5, 8): 4.0
(1, 3, 6, 1): 4.0
(1, 3, 6, 2): 2.0
(1, 3, 6, 3): 3.0
(1, 3, 6, 4): 2.0
(1, 3, 6, 5): 11.0
(1, 3, 6, 6): 11.0
(1, 3, 6, 7): 11.0
(1, 3, 6, 8): 4.0
(1, 3, 7, 1): 4.0
(1, 3, 7, 2): 2.0
(1, 3, 7, 3): 3.0
(1, 3, 7, 4): 2.0
(1, 3, 7, 5): 11.0
(1, 3, 7, 6): 11.0
(1, 3, 7, 7): 11.0
(1, 3, 7, 8): 4.0
(1, 3, 8, 1): 4.0
(1, 3, 8, 2): 2.0
(1, 3, 8, 3): 3.0
(1, 3, 8, 4): 2.0
(1, 3, 8, 5): 10.0
(1, 3, 8, 6): 10.0
(1, 3, 8, 7): 10.0
(1, 3, 8, 8): 4.0
(1, 3, 9, 1): 4.0
(1, 3, 9, 2): 2.0
(1, 3, 9, 3): 2.0
(1, 3, 9, 4): 1.0
(1, 3, 9, 5): 9.0
(1, 3, 9, 6): 9.0
(1, 3, 9, 7): 9.0
(1, 3, 9, 8): 4.0
(1, 3, 10, 1): 3.0
(1, 3, 10, 2): 2.0
(1, 3, 10, 3): 2.0
(1, 3, 10, 4): 1.0
(1, 3, 10, 5): 7.0
(1, 3, 10, 6): 7.0
(1, 3, 10, 7): 7.0
(1, 3, 10, 8): 3.0
(1, 3, 11, 1): 3.0
(1, 3, 11, 2): 2.0
(1, 3, 11, 3): 2.0
(1, 3, 11, 4): 1.0
(1, 3, 11, 5): 7.0
(1, 3, 11, 6): 7.0
(1, 3, 11, 7): 7.0
(1, 3, 11, 8): 3.0
(1, 3, 12, 1): 3.0
(1, 3, 12, 2): 2.0
(1, 3, 12, 3): 2.0
(1, 3, 12, 4): 1.0
(1, 3, 12, 5): 6.0
(1, 3, 12, 6): 6.0
(1, 3, 12, 7): 6.0
(1, 3, 12, 8): 3.0
(2, 1, 1, 1): -0.0
(2, 1, 1, 2): -0.0
(2, 1, 1, 3): -0.0
(2, 1, 1, 4): -0.0
(2, 1, 1, 5): -0.0
(2, 1, 1, 6): -0.0
(2, 1, 1, 7): -0.0
(2, 1, 1, 8): -0.0
(2, 1, 2, 1): -0.0
(2, 1, 2, 2): -0.0
(2, 1, 2, 3): -0.0
(2, 1, 2, 4): -0.0
(2, 1, 2, 5): -0.0
(2, 1, 2, 6): -0.0
(2, 1, 2, 7): -0.0
(2, 1, 2, 8): -0.0
(2, 1, 3, 1): -0.0
(2, 1, 3, 2): -0.0
(2, 1, 3, 3): -0.0
(2, 1, 3, 4): -0.0
(2, 1, 3, 5): -0.0
(2, 1, 3, 6): -0.0
(2, 1, 3, 7): -0.0
(2, 1, 3, 8): -0.0
(2, 1, 4, 1): -0.0
(2, 1, 4, 2): -0.0
(2, 1, 4, 3): -0.0
(2, 1, 4, 4): -0.0
(2, 1, 4, 5): -0.0
(2, 1, 4, 6): -0.0
(2, 1, 4, 7): -0.0
(2, 1, 4, 8): -0.0
(2, 1, 5, 1): -0.0
(2, 1, 5, 2): -0.0
(2, 1, 5, 3): -0.0
(2, 1, 5, 4): -0.0
(2, 1, 5, 5): -0.0
(2, 1, 5, 6): -0.0
(2, 1, 5, 7): -0.0
(2, 1, 5, 8): -0.0
(2, 1, 6, 1): -0.0
(2, 1, 6, 2): -0.0
(2, 1, 6, 3): -0.0
(2, 1, 6, 4): -0.0
(2, 1, 6, 5): -0.0
(2, 1, 6, 6): -0.0
(2, 1, 6, 7): -0.0
(2, 1, 6, 8): -0.0
(2, 1, 7, 1): -0.0
(2, 1, 7, 2): -0.0
(2, 1, 7, 3): -0.0
(2, 1, 7, 4): -0.0
(2, 1, 7, 5): -0.0
(2, 1, 7, 6): -0.0
(2, 1, 7, 7): -0.0
(2, 1, 7, 8): -0.0
(2, 1, 8, 1): -0.0
(2, 1, 8, 2): -0.0
(2, 1, 8, 3): -0.0
(2, 1, 8, 4): -0.0
(2, 1, 8, 5): -0.0
(2, 1, 8, 6): -0.0
(2, 1, 8, 7): -0.0
(2, 1, 8, 8): -0.0
(2, 1, 9, 1): -0.0
(2, 1, 9, 2): -0.0
(2, 1, 9, 3): -0.0
(2, 1, 9, 4): -0.0
(2, 1, 9, 5): -0.0
(2, 1, 9, 6): -0.0
(2, 1, 9, 7): -0.0
(2, 1, 9, 8): -0.0
(2, 1, 10, 1): -0.0
(2, 1, 10, 2): -0.0
(2, 1, 10, 3): -0.0
(2, 1, 10, 4): -0.0
(2, 1, 10, 5): -0.0
(2, 1, 10, 6): -0.0
(2, 1, 10, 7): -0.0
(2, 1, 10, 8): -0.0
(2, 1, 11, 1): -0.0
(2, 1, 11, 2): -0.0
(2, 1, 11, 3): -0.0
(2, 1, 11, 4): -0.0
(2, 1, 11, 5): -0.0
(2, 1, 11, 6): -0.0
(2, 1, 11, 7): -0.0
(2, 1, 11, 8): -0.0
(2, 1, 12, 1): -0.0
(2, 1, 12, 2): -0.0
(2, 1, 12, 3): -0.0
(2, 1, 12, 4): -0.0
(2, 1, 12, 5): -0.0
(2, 1, 12, 6): -0.0
(2, 1, 12, 7): -0.0
(2, 1, 12, 8): -0.0
(2, 2, 1, 1): 1.0
(2, 2, 1, 2): 1.0
(2, 2, 1, 3): 1.0
(2, 2, 1, 4): 1.0
(2, 2, 1, 5): 2.0
(2, 2, 1, 6): 2.0
(2, 2, 1, 7): 2.0
(2, 2, 1, 8): 1.0
(2, 2, 2, 1): -0.0
(2, 2, 2, 2): -0.0
(2, 2, 2, 3): -0.0
(2, 2, 2, 4): -0.0
(2, 2, 2, 5): -0.0
(2, 2, 2, 6): -0.0
(2, 2, 2, 7): -0.0
(2, 2, 2, 8): -0.0
(2, 2, 3, 1): -0.0
(2, 2, 3, 2): -0.0
(2, 2, 3, 3): -0.0
(2, 2, 3, 4): -0.0
(2, 2, 3, 5): -0.0
(2, 2, 3, 6): -0.0
(2, 2, 3, 7): -0.0
(2, 2, 3, 8): -0.0
(2, 2, 4, 1): -0.0
(2, 2, 4, 2): -0.0
(2, 2, 4, 3): -0.0
(2, 2, 4, 4): -0.0
(2, 2, 4, 5): -0.0
(2, 2, 4, 6): -0.0
(2, 2, 4, 7): -0.0
(2, 2, 4, 8): -0.0
(2, 2, 5, 1): -0.0
(2, 2, 5, 2): -0.0
(2, 2, 5, 3): -0.0
(2, 2, 5, 4): -0.0
(2, 2, 5, 5): -0.0
(2, 2, 5, 6): -0.0
(2, 2, 5, 7): -0.0
(2, 2, 5, 8): -0.0
(2, 2, 6, 1): -0.0
(2, 2, 6, 2): -0.0
(2, 2, 6, 3): -0.0
(2, 2, 6, 4): -0.0
(2, 2, 6, 5): -0.0
(2, 2, 6, 6): -0.0
(2, 2, 6, 7): -0.0
(2, 2, 6, 8): -0.0
(2, 2, 7, 1): -0.0
(2, 2, 7, 2): -0.0
(2, 2, 7, 3): -0.0
(2, 2, 7, 4): -0.0
(2, 2, 7, 5): -0.0
(2, 2, 7, 6): -0.0
(2, 2, 7, 7): -0.0
(2, 2, 7, 8): -0.0
(2, 2, 8, 1): -0.0
(2, 2, 8, 2): -0.0
(2, 2, 8, 3): -0.0
(2, 2, 8, 4): -0.0
(2, 2, 8, 5): -0.0
(2, 2, 8, 6): -0.0
(2, 2, 8, 7): -0.0
(2, 2, 8, 8): -0.0
(2, 2, 9, 1): -0.0
(2, 2, 9, 2): -0.0
(2, 2, 9, 3): -0.0
(2, 2, 9, 4): -0.0
(2, 2, 9, 5): -0.0
(2, 2, 9, 6): -0.0
(2, 2, 9, 7): -0.0
(2, 2, 9, 8): -0.0
(2, 2, 10, 1): -0.0
(2, 2, 10, 2): -0.0
(2, 2, 10, 3): -0.0
(2, 2, 10, 4): -0.0
(2, 2, 10, 5): -0.0
(2, 2, 10, 6): -0.0
(2, 2, 10, 7): -0.0
(2, 2, 10, 8): -0.0
(2, 2, 11, 1): -0.0
(2, 2, 11, 2): -0.0
(2, 2, 11, 3): -0.0
(2, 2, 11, 4): -0.0
(2, 2, 11, 5): -0.0
(2, 2, 11, 6): -0.0
(2, 2, 11, 7): -0.0
(2, 2, 11, 8): -0.0
(2, 2, 12, 1): 0.0
(2, 2, 12, 2): -0.0
(2, 2, 12, 3): 0.0
(2, 2, 12, 4): 0.0
(2, 2, 12, 5): 0.0
(2, 2, 12, 6): 0.0
(2, 2, 12, 7): 0.0
(2, 2, 12, 8): -0.0
(2, 3, 1, 1): -0.0
(2, 3, 1, 2): -0.0
(2, 3, 1, 3): -0.0
(2, 3, 1, 4): -0.0
(2, 3, 1, 5): -0.0
(2, 3, 1, 6): -0.0
(2, 3, 1, 7): -0.0
(2, 3, 1, 8): -0.0
(2, 3, 2, 1): -0.0
(2, 3, 2, 2): -0.0
(2, 3, 2, 3): -0.0
(2, 3, 2, 4): -0.0
(2, 3, 2, 5): -0.0
(2, 3, 2, 6): -0.0
(2, 3, 2, 7): -0.0
(2, 3, 2, 8): -0.0
(2, 3, 3, 1): -0.0
(2, 3, 3, 2): -0.0
(2, 3, 3, 3): -0.0
(2, 3, 3, 4): -0.0
(2, 3, 3, 5): -0.0
(2, 3, 3, 6): -0.0
(2, 3, 3, 7): -0.0
(2, 3, 3, 8): -0.0
(2, 3, 4, 1): -0.0
(2, 3, 4, 2): -0.0
(2, 3, 4, 3): -0.0
(2, 3, 4, 4): -0.0
(2, 3, 4, 5): -0.0
(2, 3, 4, 6): -0.0
(2, 3, 4, 7): -0.0
(2, 3, 4, 8): -0.0
(2, 3, 5, 1): -0.0
(2, 3, 5, 2): -0.0
(2, 3, 5, 3): -0.0
(2, 3, 5, 4): -0.0
(2, 3, 5, 5): -0.0
(2, 3, 5, 6): -0.0
(2, 3, 5, 7): -0.0
(2, 3, 5, 8): -0.0
(2, 3, 6, 1): -0.0
(2, 3, 6, 2): -0.0
(2, 3, 6, 3): -0.0
(2, 3, 6, 4): -0.0
(2, 3, 6, 5): -0.0
(2, 3, 6, 6): -0.0
(2, 3, 6, 7): -0.0
(2, 3, 6, 8): -0.0
(2, 3, 7, 1): -0.0
(2, 3, 7, 2): -0.0
(2, 3, 7, 3): -0.0
(2, 3, 7, 4): -0.0
(2, 3, 7, 5): -0.0
(2, 3, 7, 6): -0.0
(2, 3, 7, 7): -0.0
(2, 3, 7, 8): -0.0
(2, 3, 8, 1): -0.0
(2, 3, 8, 2): -0.0
(2, 3, 8, 3): -0.0
(2, 3, 8, 4): -0.0
(2, 3, 8, 5): -0.0
(2, 3, 8, 6): -0.0
(2, 3, 8, 7): -0.0
(2, 3, 8, 8): -0.0
(2, 3, 9, 1): -0.0
(2, 3, 9, 2): -0.0
(2, 3, 9, 3): -0.0
(2, 3, 9, 4): -0.0
(2, 3, 9, 5): -0.0
(2, 3, 9, 6): -0.0
(2, 3, 9, 7): -0.0
(2, 3, 9, 8): -0.0
(2, 3, 10, 1): -0.0
(2, 3, 10, 2): -0.0
(2, 3, 10, 3): -0.0
(2, 3, 10, 4): -0.0
(2, 3, 10, 5): -0.0
(2, 3, 10, 6): -0.0
(2, 3, 10, 7): -0.0
(2, 3, 10, 8): -0.0
(2, 3, 11, 1): -0.0
(2, 3, 11, 2): -0.0
(2, 3, 11, 3): -0.0
(2, 3, 11, 4): -0.0
(2, 3, 11, 5): -0.0
(2, 3, 11, 6): -0.0
(2, 3, 11, 7): -0.0
(2, 3, 11, 8): -0.0
(2, 3, 12, 1): 0.0
(2, 3, 12, 2): -0.0
(2, 3, 12, 3): -0.0
(2, 3, 12, 4): 0.0
(2, 3, 12, 5): 0.0
(2, 3, 12, 6): 0.0
(2, 3, 12, 7): 0.0
(2, 3, 12, 8): -0.0
(3, 1, 1, 1): -0.0
(3, 1, 1, 2): -0.0
(3, 1, 1, 3): -0.0
(3, 1, 1, 4): -0.0
(3, 1, 1, 5): -0.0
(3, 1, 1, 6): -0.0
(3, 1, 1, 7): -0.0
(3, 1, 1, 8): -0.0
(3, 1, 2, 1): -0.0
(3, 1, 2, 2): -0.0
(3, 1, 2, 3): -0.0
(3, 1, 2, 4): -0.0
(3, 1, 2, 5): -0.0
(3, 1, 2, 6): -0.0
(3, 1, 2, 7): -0.0
(3, 1, 2, 8): -0.0
(3, 1, 3, 1): -0.0
(3, 1, 3, 2): -0.0
(3, 1, 3, 3): -0.0
(3, 1, 3, 4): -0.0
(3, 1, 3, 5): -0.0
(3, 1, 3, 6): -0.0
(3, 1, 3, 7): -0.0
(3, 1, 3, 8): -0.0
(3, 1, 4, 1): -0.0
(3, 1, 4, 2): -0.0
(3, 1, 4, 3): -0.0
(3, 1, 4, 4): -0.0
(3, 1, 4, 5): -0.0
(3, 1, 4, 6): -0.0
(3, 1, 4, 7): -0.0
(3, 1, 4, 8): -0.0
(3, 1, 5, 1): -0.0
(3, 1, 5, 2): -0.0
(3, 1, 5, 3): -0.0
(3, 1, 5, 4): -0.0
(3, 1, 5, 5): -0.0
(3, 1, 5, 6): -0.0
(3, 1, 5, 7): -0.0
(3, 1, 5, 8): -0.0
(3, 1, 6, 1): -0.0
(3, 1, 6, 2): -0.0
(3, 1, 6, 3): -0.0
(3, 1, 6, 4): -0.0
(3, 1, 6, 5): -0.0
(3, 1, 6, 6): -0.0
(3, 1, 6, 7): -0.0
(3, 1, 6, 8): -0.0
(3, 1, 7, 1): -0.0
(3, 1, 7, 2): -0.0
(3, 1, 7, 3): -0.0
(3, 1, 7, 4): -0.0
(3, 1, 7, 5): -0.0
(3, 1, 7, 6): -0.0
(3, 1, 7, 7): -0.0
(3, 1, 7, 8): -0.0
(3, 1, 8, 1): -0.0
(3, 1, 8, 2): -0.0
(3, 1, 8, 3): -0.0
(3, 1, 8, 4): -0.0
(3, 1, 8, 5): -0.0
(3, 1, 8, 6): -0.0
(3, 1, 8, 7): -0.0
(3, 1, 8, 8): -0.0
(3, 1, 9, 1): -0.0
(3, 1, 9, 2): -0.0
(3, 1, 9, 3): -0.0
(3, 1, 9, 4): -0.0
(3, 1, 9, 5): -0.0
(3, 1, 9, 6): -0.0
(3, 1, 9, 7): -0.0
(3, 1, 9, 8): -0.0
(3, 1, 10, 1): -0.0
(3, 1, 10, 2): -0.0
(3, 1, 10, 3): -0.0
(3, 1, 10, 4): -0.0
(3, 1, 10, 5): -0.0
(3, 1, 10, 6): -0.0
(3, 1, 10, 7): -0.0
(3, 1, 10, 8): -0.0
(3, 1, 11, 1): -0.0
(3, 1, 11, 2): -0.0
(3, 1, 11, 3): -0.0
(3, 1, 11, 4): -0.0
(3, 1, 11, 5): -0.0
(3, 1, 11, 6): -0.0
(3, 1, 11, 7): -0.0
(3, 1, 11, 8): -0.0
(3, 1, 12, 1): -0.0
(3, 1, 12, 2): -0.0
(3, 1, 12, 3): -0.0
(3, 1, 12, 4): 0.0
(3, 1, 12, 5): -0.0
(3, 1, 12, 6): -0.0
(3, 1, 12, 7): -0.0
(3, 1, 12, 8): -0.0
(3, 2, 1, 1): -0.0
(3, 2, 1, 2): -0.0
(3, 2, 1, 3): -0.0
(3, 2, 1, 4): -0.0
(3, 2, 1, 5): -0.0
(3, 2, 1, 6): -0.0
(3, 2, 1, 7): -0.0
(3, 2, 1, 8): -0.0
(3, 2, 2, 1): -0.0
(3, 2, 2, 2): -0.0
(3, 2, 2, 3): -0.0
(3, 2, 2, 4): -0.0
(3, 2, 2, 5): -0.0
(3, 2, 2, 6): -0.0
(3, 2, 2, 7): -0.0
(3, 2, 2, 8): -0.0
(3, 2, 3, 1): -0.0
(3, 2, 3, 2): -0.0
(3, 2, 3, 3): -0.0
(3, 2, 3, 4): -0.0
(3, 2, 3, 5): -0.0
(3, 2, 3, 6): -0.0
(3, 2, 3, 7): -0.0
(3, 2, 3, 8): -0.0
(3, 2, 4, 1): -0.0
(3, 2, 4, 2): -0.0
(3, 2, 4, 3): -0.0
(3, 2, 4, 4): -0.0
(3, 2, 4, 5): -0.0
(3, 2, 4, 6): -0.0
(3, 2, 4, 7): -0.0
(3, 2, 4, 8): -0.0
(3, 2, 5, 1): -0.0
(3, 2, 5, 2): -0.0
(3, 2, 5, 3): -0.0
(3, 2, 5, 4): -0.0
(3, 2, 5, 5): -0.0
(3, 2, 5, 6): -0.0
(3, 2, 5, 7): -0.0
(3, 2, 5, 8): -0.0
(3, 2, 6, 1): -0.0
(3, 2, 6, 2): -0.0
(3, 2, 6, 3): -0.0
(3, 2, 6, 4): -0.0
(3, 2, 6, 5): -0.0
(3, 2, 6, 6): -0.0
(3, 2, 6, 7): -0.0
(3, 2, 6, 8): -0.0
(3, 2, 7, 1): -0.0
(3, 2, 7, 2): -0.0
(3, 2, 7, 3): -0.0
(3, 2, 7, 4): -0.0
(3, 2, 7, 5): -0.0
(3, 2, 7, 6): -0.0
(3, 2, 7, 7): -0.0
(3, 2, 7, 8): -0.0
(3, 2, 8, 1): -0.0
(3, 2, 8, 2): -0.0
(3, 2, 8, 3): -0.0
(3, 2, 8, 4): -0.0
(3, 2, 8, 5): -0.0
(3, 2, 8, 6): -0.0
(3, 2, 8, 7): -0.0
(3, 2, 8, 8): -0.0
(3, 2, 9, 1): -0.0
(3, 2, 9, 2): -0.0
(3, 2, 9, 3): -0.0
(3, 2, 9, 4): -0.0
(3, 2, 9, 5): -0.0
(3, 2, 9, 6): -0.0
(3, 2, 9, 7): -0.0
(3, 2, 9, 8): -0.0
(3, 2, 10, 1): -0.0
(3, 2, 10, 2): -0.0
(3, 2, 10, 3): -0.0
(3, 2, 10, 4): -0.0
(3, 2, 10, 5): -0.0
(3, 2, 10, 6): -0.0
(3, 2, 10, 7): -0.0
(3, 2, 10, 8): -0.0
(3, 2, 11, 1): -0.0
(3, 2, 11, 2): -0.0
(3, 2, 11, 3): -0.0
(3, 2, 11, 4): -0.0
(3, 2, 11, 5): -0.0
(3, 2, 11, 6): -0.0
(3, 2, 11, 7): -0.0
(3, 2, 11, 8): -0.0
(3, 2, 12, 1): -0.0
(3, 2, 12, 2): -0.0
(3, 2, 12, 3): -0.0
(3, 2, 12, 4): -0.0
(3, 2, 12, 5): -0.0
(3, 2, 12, 6): -0.0
(3, 2, 12, 7): -0.0
(3, 2, 12, 8): -0.0
(3, 3, 1, 1): -0.0
(3, 3, 1, 2): -0.0
(3, 3, 1, 3): -0.0
(3, 3, 1, 4): -0.0
(3, 3, 1, 5): -0.0
(3, 3, 1, 6): -0.0
(3, 3, 1, 7): -0.0
(3, 3, 1, 8): -0.0
(3, 3, 2, 1): -0.0
(3, 3, 2, 2): -0.0
(3, 3, 2, 3): -0.0
(3, 3, 2, 4): -0.0
(3, 3, 2, 5): -0.0
(3, 3, 2, 6): -0.0
(3, 3, 2, 7): -0.0
(3, 3, 2, 8): -0.0
(3, 3, 3, 1): -0.0
(3, 3, 3, 2): -0.0
(3, 3, 3, 3): -0.0
(3, 3, 3, 4): -0.0
(3, 3, 3, 5): -0.0
(3, 3, 3, 6): -0.0
(3, 3, 3, 7): -0.0
(3, 3, 3, 8): -0.0
(3, 3, 4, 1): -0.0
(3, 3, 4, 2): -0.0
(3, 3, 4, 3): -0.0
(3, 3, 4, 4): -0.0
(3, 3, 4, 5): -0.0
(3, 3, 4, 6): -0.0
(3, 3, 4, 7): -0.0
(3, 3, 4, 8): -0.0
(3, 3, 5, 1): -0.0
(3, 3, 5, 2): -0.0
(3, 3, 5, 3): -0.0
(3, 3, 5, 4): -0.0
(3, 3, 5, 5): -0.0
(3, 3, 5, 6): -0.0
(3, 3, 5, 7): -0.0
(3, 3, 5, 8): -0.0
(3, 3, 6, 1): -0.0
(3, 3, 6, 2): -0.0
(3, 3, 6, 3): -0.0
(3, 3, 6, 4): -0.0
(3, 3, 6, 5): -0.0
(3, 3, 6, 6): -0.0
(3, 3, 6, 7): -0.0
(3, 3, 6, 8): -0.0
(3, 3, 7, 1): -0.0
(3, 3, 7, 2): -0.0
(3, 3, 7, 3): -0.0
(3, 3, 7, 4): -0.0
(3, 3, 7, 5): -0.0
(3, 3, 7, 6): -0.0
(3, 3, 7, 7): -0.0
(3, 3, 7, 8): -0.0
(3, 3, 8, 1): -0.0
(3, 3, 8, 2): -0.0
(3, 3, 8, 3): -0.0
(3, 3, 8, 4): -0.0
(3, 3, 8, 5): -0.0
(3, 3, 8, 6): -0.0
(3, 3, 8, 7): -0.0
(3, 3, 8, 8): -0.0
(3, 3, 9, 1): -0.0
(3, 3, 9, 2): -0.0
(3, 3, 9, 3): -0.0
(3, 3, 9, 4): -0.0
(3, 3, 9, 5): -0.0
(3, 3, 9, 6): -0.0
(3, 3, 9, 7): -0.0
(3, 3, 9, 8): -0.0
(3, 3, 10, 1): -0.0
(3, 3, 10, 2): -0.0
(3, 3, 10, 3): -0.0
(3, 3, 10, 4): -0.0
(3, 3, 10, 5): -0.0
(3, 3, 10, 6): -0.0
(3, 3, 10, 7): -0.0
(3, 3, 10, 8): -0.0
(3, 3, 11, 1): -0.0
(3, 3, 11, 2): -0.0
(3, 3, 11, 3): -0.0
(3, 3, 11, 4): -0.0
(3, 3, 11, 5): -0.0
(3, 3, 11, 6): -0.0
(3, 3, 11, 7): -0.0
(3, 3, 11, 8): -0.0
(3, 3, 12, 1): -0.0
(3, 3, 12, 2): -0.0
(3, 3, 12, 3): -0.0
(3, 3, 12, 4): -0.0
(3, 3, 12, 5): -0.0
(3, 3, 12, 6): -0.0
(3, 3, 12, 7): -0.0
(3, 3, 12, 8): -0.0

F
(1, 1, 1, 1): 5.0
(1, 1, 1, 2): 3.0
(1, 1, 1, 3): 3.0
(1, 1, 1, 4): 2.0
(1, 1, 1, 5): 12.0
(1, 1, 1, 6): 12.0
(1, 1, 1, 7): 12.0
(1, 1, 1, 8): 5.0
(1, 1, 2, 1): 5.0
(1, 1, 2, 2): 3.0
(1, 1, 2, 3): 3.0
(1, 1, 2, 4): 2.0
(1, 1, 2, 5): 12.0
(1, 1, 2, 6): 12.0
(1, 1, 2, 7): 12.0
(1, 1, 2, 8): 5.0
(1, 1, 3, 1): 4.0
(1, 1, 3, 2): 2.0
(1, 1, 3, 3): 3.0
(1, 1, 3, 4): 2.0
(1, 1, 3, 5): 10.0
(1, 1, 3, 6): 10.0
(1, 1, 3, 7): 10.0
(1, 1, 3, 8): 4.0
(1, 1, 4, 1): 3.0
(1, 1, 4, 2): 2.0
(1, 1, 4, 3): 2.0
(1, 1, 4, 4): 1.0
(1, 1, 4, 5): 7.0
(1, 1, 4, 6): 7.0
(1, 1, 4, 7): 7.0
(1, 1, 4, 8): 3.0
(1, 1, 5, 1): 4.0
(1, 1, 5, 2): 2.0
(1, 1, 5, 3): 3.0
(1, 1, 5, 4): 2.0
(1, 1, 5, 5): 10.0
(1, 1, 5, 6): 10.0
(1, 1, 5, 7): 10.0
(1, 1, 5, 8): 4.0
(1, 1, 6, 1): 4.0
(1, 1, 6, 2): 2.0
(1, 1, 6, 3): 3.0
(1, 1, 6, 4): 2.0
(1, 1, 6, 5): 10.0
(1, 1, 6, 6): 10.0
(1, 1, 6, 7): 10.0
(1, 1, 6, 8): 4.0
(1, 1, 7, 1): 4.0
(1, 1, 7, 2): 2.0
(1, 1, 7, 3): 3.0
(1, 1, 7, 4): 2.0
(1, 1, 7, 5): 10.0
(1, 1, 7, 6): 10.0
(1, 1, 7, 7): 10.0
(1, 1, 7, 8): 4.0
(1, 1, 8, 1): 4.0
(1, 1, 8, 2): 2.0
(1, 1, 8, 3): 3.0
(1, 1, 8, 4): 2.0
(1, 1, 8, 5): 10.0
(1, 1, 8, 6): 10.0
(1, 1, 8, 7): 10.0
(1, 1, 8, 8): 4.0
(1, 1, 9, 1): 3.0
(1, 1, 9, 2): 2.0
(1, 1, 9, 3): 2.0
(1, 1, 9, 4): 1.0
(1, 1, 9, 5): 8.0
(1, 1, 9, 6): 8.0
(1, 1, 9, 7): 8.0
(1, 1, 9, 8): 3.0
(1, 1, 10, 1): 3.0
(1, 1, 10, 2): 2.0
(1, 1, 10, 3): 2.0
(1, 1, 10, 4): 1.0
(1, 1, 10, 5): 8.0
(1, 1, 10, 6): 8.0
(1, 1, 10, 7): 8.0
(1, 1, 10, 8): 3.0
(1, 1, 11, 1): 3.0
(1, 1, 11, 2): 2.0
(1, 1, 11, 3): 2.0
(1, 1, 11, 4): 1.0
(1, 1, 11, 5): 7.0
(1, 1, 11, 6): 7.0
(1, 1, 11, 7): 7.0
(1, 1, 11, 8): 3.0
(1, 1, 12, 1): 2.0
(1, 1, 12, 2): 1.0
(1, 1, 12, 3): 2.0
(1, 1, 12, 4): 1.0
(1, 1, 12, 5): 5.0
(1, 1, 12, 6): 5.0
(1, 1, 12, 7): 5.0
(1, 1, 12, 8): 2.0
(1, 2, 1, 1): 3.0
(1, 2, 1, 2): 2.0
(1, 2, 1, 3): 2.0
(1, 2, 1, 4): 1.0
(1, 2, 1, 5): 7.0
(1, 2, 1, 6): 7.0
(1, 2, 1, 7): 7.0
(1, 2, 1, 8): 3.0
(1, 2, 2, 1): 4.0
(1, 2, 2, 2): 2.0
(1, 2, 2, 3): 2.0
(1, 2, 2, 4): 1.0
(1, 2, 2, 5): 9.0
(1, 2, 2, 6): 9.0
(1, 2, 2, 7): 9.0
(1, 2, 2, 8): 4.0
(1, 2, 3, 1): 3.0
(1, 2, 3, 2): 2.0
(1, 2, 3, 3): 2.0
(1, 2, 3, 4): 1.0
(1, 2, 3, 5): 8.0
(1, 2, 3, 6): 8.0
(1, 2, 3, 7): 8.0
(1, 2, 3, 8): 3.0
(1, 2, 4, 1): 3.0
(1, 2, 4, 2): 2.0
(1, 2, 4, 3): 2.0
(1, 2, 4, 4): 1.0
(1, 2, 4, 5): 6.0
(1, 2, 4, 6): 6.0
(1, 2, 4, 7): 6.0
(1, 2, 4, 8): 3.0
(1, 2, 5, 1): 3.0
(1, 2, 5, 2): 2.0
(1, 2, 5, 3): 2.0
(1, 2, 5, 4): 1.0
(1, 2, 5, 5): 8.0
(1, 2, 5, 6): 8.0
(1, 2, 5, 7): 8.0
(1, 2, 5, 8): 3.0
(1, 2, 6, 1): 3.0
(1, 2, 6, 2): 2.0
(1, 2, 6, 3): 2.0
(1, 2, 6, 4): 1.0
(1, 2, 6, 5): 8.0
(1, 2, 6, 6): 8.0
(1, 2, 6, 7): 8.0
(1, 2, 6, 8): 3.0
(1, 2, 7, 1): 3.0
(1, 2, 7, 2): 2.0
(1, 2, 7, 3): 2.0
(1, 2, 7, 4): 1.0
(1, 2, 7, 5): 8.0
(1, 2, 7, 6): 8.0
(1, 2, 7, 7): 8.0
(1, 2, 7, 8): 3.0
(1, 2, 8, 1): 3.0
(1, 2, 8, 2): 2.0
(1, 2, 8, 3): 2.0
(1, 2, 8, 4): 1.0
(1, 2, 8, 5): 8.0
(1, 2, 8, 6): 8.0
(1, 2, 8, 7): 8.0
(1, 2, 8, 8): 3.0
(1, 2, 9, 1): 3.0
(1, 2, 9, 2): 2.0
(1, 2, 9, 3): 2.0
(1, 2, 9, 4): 1.0
(1, 2, 9, 5): 7.0
(1, 2, 9, 6): 7.0
(1, 2, 9, 7): 7.0
(1, 2, 9, 8): 3.0
(1, 2, 10, 1): 2.0
(1, 2, 10, 2): 1.0
(1, 2, 10, 3): 2.0
(1, 2, 10, 4): 1.0
(1, 2, 10, 5): 5.0
(1, 2, 10, 6): 5.0
(1, 2, 10, 7): 5.0
(1, 2, 10, 8): 2.0
(1, 2, 11, 1): 2.0
(1, 2, 11, 2): 1.0
(1, 2, 11, 3): 2.0
(1, 2, 11, 4): 1.0
(1, 2, 11, 5): 5.0
(1, 2, 11, 6): 5.0
(1, 2, 11, 7): 5.0
(1, 2, 11, 8): 2.0
(1, 2, 12, 1): 2.0
(1, 2, 12, 2): 1.0
(1, 2, 12, 3): 2.0
(1, 2, 12, 4): 1.0
(1, 2, 12, 5): 5.0
(1, 2, 12, 6): 5.0
(1, 2, 12, 7): 5.0
(1, 2, 12, 8): 2.0
(1, 3, 1, 1): 5.0
(1, 3, 1, 2): 3.0
(1, 3, 1, 3): 4.0
(1, 3, 1, 4): 2.0
(1, 3, 1, 5): 14.0
(1, 3, 1, 6): 14.0
(1, 3, 1, 7): 14.0
(1, 3, 1, 8): 6.0
(1, 3, 2, 1): 4.0
(1, 3, 2, 2): 2.0
(1, 3, 2, 3): 3.0
(1, 3, 2, 4): 2.0
(1, 3, 2, 5): 11.0
(1, 3, 2, 6): 11.0
(1, 3, 2, 7): 11.0
(1, 3, 2, 8): 4.0
(1, 3, 3, 1): 4.0
(1, 3, 3, 2): 2.0
(1, 3, 3, 3): 3.0
(1, 3, 3, 4): 2.0
(1, 3, 3, 5): 10.0
(1, 3, 3, 6): 10.0
(1, 3, 3, 7): 10.0
(1, 3, 3, 8): 4.0
(1, 3, 4, 1): 3.0
(1, 3, 4, 2): 2.0
(1, 3, 4, 3): 2.0
(1, 3, 4, 4): 1.0
(1, 3, 4, 5): 8.0
(1, 3, 4, 6): 8.0
(1, 3, 4, 7): 8.0
(1, 3, 4, 8): 3.0
(1, 3, 5, 1): 4.0
(1, 3, 5, 2): 2.0
(1, 3, 5, 3): 3.0
(1, 3, 5, 4): 2.0
(1, 3, 5, 5): 11.0
(1, 3, 5, 6): 11.0
(1, 3, 5, 7): 11.0
(1, 3, 5, 8): 4.0
(1, 3, 6, 1): 4.0
(1, 3, 6, 2): 2.0
(1, 3, 6, 3): 3.0
(1, 3, 6, 4): 2.0
(1, 3, 6, 5): 11.0
(1, 3, 6, 6): 11.0
(1, 3, 6, 7): 11.0
(1, 3, 6, 8): 4.0
(1, 3, 7, 1): 4.0
(1, 3, 7, 2): 2.0
(1, 3, 7, 3): 3.0
(1, 3, 7, 4): 2.0
(1, 3, 7, 5): 11.0
(1, 3, 7, 6): 11.0
(1, 3, 7, 7): 11.0
(1, 3, 7, 8): 4.0
(1, 3, 8, 1): 4.0
(1, 3, 8, 2): 2.0
(1, 3, 8, 3): 3.0
(1, 3, 8, 4): 2.0
(1, 3, 8, 5): 10.0
(1, 3, 8, 6): 10.0
(1, 3, 8, 7): 10.0
(1, 3, 8, 8): 4.0
(1, 3, 9, 1): 4.0
(1, 3, 9, 2): 2.0
(1, 3, 9, 3): 2.0
(1, 3, 9, 4): 1.0
(1, 3, 9, 5): 9.0
(1, 3, 9, 6): 9.0
(1, 3, 9, 7): 9.0
(1, 3, 9, 8): 4.0
(1, 3, 10, 1): 3.0
(1, 3, 10, 2): 2.0
(1, 3, 10, 3): 2.0
(1, 3, 10, 4): 1.0
(1, 3, 10, 5): 7.0
(1, 3, 10, 6): 7.0
(1, 3, 10, 7): 7.0
(1, 3, 10, 8): 3.0
(1, 3, 11, 1): 3.0
(1, 3, 11, 2): 2.0
(1, 3, 11, 3): 2.0
(1, 3, 11, 4): 1.0
(1, 3, 11, 5): 7.0
(1, 3, 11, 6): 7.0
(1, 3, 11, 7): 7.0
(1, 3, 11, 8): 3.0
(1, 3, 12, 1): 3.0
(1, 3, 12, 2): 2.0
(1, 3, 12, 3): 2.0
(1, 3, 12, 4): 1.0
(1, 3, 12, 5): 6.0
(1, 3, 12, 6): 6.0
(1, 3, 12, 7): 6.0
(1, 3, 12, 8): 3.0
(2, 1, 1, 1): -0.0
(2, 1, 1, 2): -0.0
(2, 1, 1, 3): -0.0
(2, 1, 1, 4): -0.0
(2, 1, 1, 5): -0.0
(2, 1, 1, 6): -0.0
(2, 1, 1, 7): -0.0
(2, 1, 1, 8): -0.0
(2, 1, 2, 1): 0.0
(2, 1, 2, 2): 0.0
(2, 1, 2, 3): 0.0
(2, 1, 2, 4): 0.0
(2, 1, 2, 5): 0.0
(2, 1, 2, 6): 0.0
(2, 1, 2, 7): 0.0
(2, 1, 2, 8): 0.0
(2, 1, 3, 1): 0.0
(2, 1, 3, 2): 0.0
(2, 1, 3, 3): 0.0
(2, 1, 3, 4): 0.0
(2, 1, 3, 5): 0.0
(2, 1, 3, 6): 0.0
(2, 1, 3, 7): 0.0
(2, 1, 3, 8): 0.0
(2, 1, 4, 1): 0.0
(2, 1, 4, 2): 0.0
(2, 1, 4, 3): 0.0
(2, 1, 4, 4): 0.0
(2, 1, 4, 5): 0.0
(2, 1, 4, 6): 0.0
(2, 1, 4, 7): 0.0
(2, 1, 4, 8): 0.0
(2, 1, 5, 1): 0.0
(2, 1, 5, 2): 0.0
(2, 1, 5, 3): 0.0
(2, 1, 5, 4): 0.0
(2, 1, 5, 5): 0.0
(2, 1, 5, 6): 0.0
(2, 1, 5, 7): 0.0
(2, 1, 5, 8): 0.0
(2, 1, 6, 1): 0.0
(2, 1, 6, 2): 0.0
(2, 1, 6, 3): 0.0
(2, 1, 6, 4): 0.0
(2, 1, 6, 5): 0.0
(2, 1, 6, 6): 0.0
(2, 1, 6, 7): 0.0
(2, 1, 6, 8): 0.0
(2, 1, 7, 1): 0.0
(2, 1, 7, 2): 0.0
(2, 1, 7, 3): 0.0
(2, 1, 7, 4): 0.0
(2, 1, 7, 5): 0.0
(2, 1, 7, 6): 0.0
(2, 1, 7, 7): 0.0
(2, 1, 7, 8): 0.0
(2, 1, 8, 1): 0.0
(2, 1, 8, 2): 0.0
(2, 1, 8, 3): 0.0
(2, 1, 8, 4): 0.0
(2, 1, 8, 5): 0.0
(2, 1, 8, 6): 0.0
(2, 1, 8, 7): 0.0
(2, 1, 8, 8): 0.0
(2, 1, 9, 1): 0.0
(2, 1, 9, 2): 0.0
(2, 1, 9, 3): 0.0
(2, 1, 9, 4): 0.0
(2, 1, 9, 5): 0.0
(2, 1, 9, 6): 0.0
(2, 1, 9, 7): 0.0
(2, 1, 9, 8): 0.0
(2, 1, 10, 1): 0.0
(2, 1, 10, 2): 0.0
(2, 1, 10, 3): 0.0
(2, 1, 10, 4): 0.0
(2, 1, 10, 5): 0.0
(2, 1, 10, 6): 0.0
(2, 1, 10, 7): 0.0
(2, 1, 10, 8): 0.0
(2, 1, 11, 1): 0.0
(2, 1, 11, 2): 0.0
(2, 1, 11, 3): 0.0
(2, 1, 11, 4): 0.0
(2, 1, 11, 5): 0.0
(2, 1, 11, 6): 0.0
(2, 1, 11, 7): 0.0
(2, 1, 11, 8): 0.0
(2, 1, 12, 1): 0.0
(2, 1, 12, 2): 0.0
(2, 1, 12, 3): 0.0
(2, 1, 12, 4): 0.0
(2, 1, 12, 5): 0.0
(2, 1, 12, 6): 0.0
(2, 1, 12, 7): 0.0
(2, 1, 12, 8): 0.0
(2, 2, 1, 1): 1.0
(2, 2, 1, 2): 1.0
(2, 2, 1, 3): 1.0
(2, 2, 1, 4): 1.0
(2, 2, 1, 5): 2.0
(2, 2, 1, 6): 2.0
(2, 2, 1, 7): 2.0
(2, 2, 1, 8): 1.0
(2, 2, 2, 1): 0.0
(2, 2, 2, 2): 0.0
(2, 2, 2, 3): 0.0
(2, 2, 2, 4): 0.0
(2, 2, 2, 5): 0.0
(2, 2, 2, 6): 0.0
(2, 2, 2, 7): 0.0
(2, 2, 2, 8): 0.0
(2, 2, 3, 1): 0.0
(2, 2, 3, 2): 0.0
(2, 2, 3, 3): 0.0
(2, 2, 3, 4): 0.0
(2, 2, 3, 5): 0.0
(2, 2, 3, 6): 0.0
(2, 2, 3, 7): 0.0
(2, 2, 3, 8): 0.0
(2, 2, 4, 1): 0.0
(2, 2, 4, 2): 0.0
(2, 2, 4, 3): 0.0
(2, 2, 4, 4): 0.0
(2, 2, 4, 5): 0.0
(2, 2, 4, 6): 0.0
(2, 2, 4, 7): 0.0
(2, 2, 4, 8): 0.0
(2, 2, 5, 1): 0.0
(2, 2, 5, 2): 0.0
(2, 2, 5, 3): 0.0
(2, 2, 5, 4): 0.0
(2, 2, 5, 5): 0.0
(2, 2, 5, 6): 0.0
(2, 2, 5, 7): 0.0
(2, 2, 5, 8): 0.0
(2, 2, 6, 1): 0.0
(2, 2, 6, 2): 0.0
(2, 2, 6, 3): 0.0
(2, 2, 6, 4): 0.0
(2, 2, 6, 5): 0.0
(2, 2, 6, 6): 0.0
(2, 2, 6, 7): 0.0
(2, 2, 6, 8): 0.0
(2, 2, 7, 1): 0.0
(2, 2, 7, 2): 0.0
(2, 2, 7, 3): 0.0
(2, 2, 7, 4): 0.0
(2, 2, 7, 5): 0.0
(2, 2, 7, 6): 0.0
(2, 2, 7, 7): 0.0
(2, 2, 7, 8): 0.0
(2, 2, 8, 1): 0.0
(2, 2, 8, 2): 0.0
(2, 2, 8, 3): 0.0
(2, 2, 8, 4): 0.0
(2, 2, 8, 5): 0.0
(2, 2, 8, 6): 0.0
(2, 2, 8, 7): 0.0
(2, 2, 8, 8): 0.0
(2, 2, 9, 1): 0.0
(2, 2, 9, 2): 0.0
(2, 2, 9, 3): 0.0
(2, 2, 9, 4): 0.0
(2, 2, 9, 5): 0.0
(2, 2, 9, 6): 0.0
(2, 2, 9, 7): 0.0
(2, 2, 9, 8): 0.0
(2, 2, 10, 1): 0.0
(2, 2, 10, 2): 0.0
(2, 2, 10, 3): 0.0
(2, 2, 10, 4): 0.0
(2, 2, 10, 5): 0.0
(2, 2, 10, 6): 0.0
(2, 2, 10, 7): 0.0
(2, 2, 10, 8): 0.0
(2, 2, 11, 1): 0.0
(2, 2, 11, 2): 0.0
(2, 2, 11, 3): 0.0
(2, 2, 11, 4): 0.0
(2, 2, 11, 5): 0.0
(2, 2, 11, 6): 0.0
(2, 2, 11, 7): 0.0
(2, 2, 11, 8): 0.0
(2, 2, 12, 1): 0.0
(2, 2, 12, 2): 0.0
(2, 2, 12, 3): 0.0
(2, 2, 12, 4): 0.0
(2, 2, 12, 5): 0.0
(2, 2, 12, 6): 0.0
(2, 2, 12, 7): 0.0
(2, 2, 12, 8): 0.0
(2, 3, 1, 1): -0.0
(2, 3, 1, 2): -0.0
(2, 3, 1, 3): -0.0
(2, 3, 1, 4): -0.0
(2, 3, 1, 5): -0.0
(2, 3, 1, 6): -0.0
(2, 3, 1, 7): -0.0
(2, 3, 1, 8): -0.0
(2, 3, 2, 1): 0.0
(2, 3, 2, 2): 0.0
(2, 3, 2, 3): 0.0
(2, 3, 2, 4): 0.0
(2, 3, 2, 5): 0.0
(2, 3, 2, 6): 0.0
(2, 3, 2, 7): 0.0
(2, 3, 2, 8): 0.0
(2, 3, 3, 1): 0.0
(2, 3, 3, 2): 0.0
(2, 3, 3, 3): 0.0
(2, 3, 3, 4): 0.0
(2, 3, 3, 5): 0.0
(2, 3, 3, 6): 0.0
(2, 3, 3, 7): 0.0
(2, 3, 3, 8): 0.0
(2, 3, 4, 1): 0.0
(2, 3, 4, 2): 0.0
(2, 3, 4, 3): 0.0
(2, 3, 4, 4): 0.0
(2, 3, 4, 5): 0.0
(2, 3, 4, 6): 0.0
(2, 3, 4, 7): 0.0
(2, 3, 4, 8): 0.0
(2, 3, 5, 1): 0.0
(2, 3, 5, 2): 0.0
(2, 3, 5, 3): 0.0
(2, 3, 5, 4): 0.0
(2, 3, 5, 5): 0.0
(2, 3, 5, 6): 0.0
(2, 3, 5, 7): 0.0
(2, 3, 5, 8): 0.0
(2, 3, 6, 1): 0.0
(2, 3, 6, 2): 0.0
(2, 3, 6, 3): 0.0
(2, 3, 6, 4): 0.0
(2, 3, 6, 5): 0.0
(2, 3, 6, 6): 0.0
(2, 3, 6, 7): 0.0
(2, 3, 6, 8): 0.0
(2, 3, 7, 1): 0.0
(2, 3, 7, 2): 0.0
(2, 3, 7, 3): 0.0
(2, 3, 7, 4): 0.0
(2, 3, 7, 5): 0.0
(2, 3, 7, 6): 0.0
(2, 3, 7, 7): 0.0
(2, 3, 7, 8): 0.0
(2, 3, 8, 1): 0.0
(2, 3, 8, 2): 0.0
(2, 3, 8, 3): 0.0
(2, 3, 8, 4): 0.0
(2, 3, 8, 5): 0.0
(2, 3, 8, 6): 0.0
(2, 3, 8, 7): 0.0
(2, 3, 8, 8): 0.0
(2, 3, 9, 1): 0.0
(2, 3, 9, 2): 0.0
(2, 3, 9, 3): 0.0
(2, 3, 9, 4): 0.0
(2, 3, 9, 5): 0.0
(2, 3, 9, 6): 0.0
(2, 3, 9, 7): 0.0
(2, 3, 9, 8): 0.0
(2, 3, 10, 1): 0.0
(2, 3, 10, 2): 0.0
(2, 3, 10, 3): 0.0
(2, 3, 10, 4): 0.0
(2, 3, 10, 5): 0.0
(2, 3, 10, 6): 0.0
(2, 3, 10, 7): 0.0
(2, 3, 10, 8): 0.0
(2, 3, 11, 1): 0.0
(2, 3, 11, 2): 0.0
(2, 3, 11, 3): 0.0
(2, 3, 11, 4): 0.0
(2, 3, 11, 5): 0.0
(2, 3, 11, 6): 0.0
(2, 3, 11, 7): 0.0
(2, 3, 11, 8): 0.0
(2, 3, 12, 1): 0.0
(2, 3, 12, 2): 0.0
(2, 3, 12, 3): 0.0
(2, 3, 12, 4): 0.0
(2, 3, 12, 5): 0.0
(2, 3, 12, 6): 0.0
(2, 3, 12, 7): 0.0
(2, 3, 12, 8): 0.0
(3, 1, 1, 1): -0.0
(3, 1, 1, 2): -0.0
(3, 1, 1, 3): -0.0
(3, 1, 1, 4): -0.0
(3, 1, 1, 5): -0.0
(3, 1, 1, 6): -0.0
(3, 1, 1, 7): -0.0
(3, 1, 1, 8): -0.0
(3, 1, 2, 1): 0.0
(3, 1, 2, 2): 0.0
(3, 1, 2, 3): 0.0
(3, 1, 2, 4): 0.0
(3, 1, 2, 5): 0.0
(3, 1, 2, 6): 0.0
(3, 1, 2, 7): 0.0
(3, 1, 2, 8): 0.0
(3, 1, 3, 1): 0.0
(3, 1, 3, 2): 0.0
(3, 1, 3, 3): 0.0
(3, 1, 3, 4): 0.0
(3, 1, 3, 5): 0.0
(3, 1, 3, 6): 0.0
(3, 1, 3, 7): 0.0
(3, 1, 3, 8): 0.0
(3, 1, 4, 1): 0.0
(3, 1, 4, 2): 0.0
(3, 1, 4, 3): 0.0
(3, 1, 4, 4): 0.0
(3, 1, 4, 5): 0.0
(3, 1, 4, 6): 0.0
(3, 1, 4, 7): 0.0
(3, 1, 4, 8): 0.0
(3, 1, 5, 1): 0.0
(3, 1, 5, 2): 0.0
(3, 1, 5, 3): 0.0
(3, 1, 5, 4): 0.0
(3, 1, 5, 5): 0.0
(3, 1, 5, 6): 0.0
(3, 1, 5, 7): 0.0
(3, 1, 5, 8): 0.0
(3, 1, 6, 1): 0.0
(3, 1, 6, 2): 0.0
(3, 1, 6, 3): 0.0
(3, 1, 6, 4): 0.0
(3, 1, 6, 5): 0.0
(3, 1, 6, 6): 0.0
(3, 1, 6, 7): 0.0
(3, 1, 6, 8): 0.0
(3, 1, 7, 1): 0.0
(3, 1, 7, 2): 0.0
(3, 1, 7, 3): 0.0
(3, 1, 7, 4): 0.0
(3, 1, 7, 5): 0.0
(3, 1, 7, 6): 0.0
(3, 1, 7, 7): 0.0
(3, 1, 7, 8): 0.0
(3, 1, 8, 1): 0.0
(3, 1, 8, 2): 0.0
(3, 1, 8, 3): 0.0
(3, 1, 8, 4): 0.0
(3, 1, 8, 5): 0.0
(3, 1, 8, 6): 0.0
(3, 1, 8, 7): 0.0
(3, 1, 8, 8): 0.0
(3, 1, 9, 1): 0.0
(3, 1, 9, 2): 0.0
(3, 1, 9, 3): 0.0
(3, 1, 9, 4): 0.0
(3, 1, 9, 5): 0.0
(3, 1, 9, 6): 0.0
(3, 1, 9, 7): 0.0
(3, 1, 9, 8): 0.0
(3, 1, 10, 1): 0.0
(3, 1, 10, 2): 0.0
(3, 1, 10, 3): 0.0
(3, 1, 10, 4): 0.0
(3, 1, 10, 5): 0.0
(3, 1, 10, 6): 0.0
(3, 1, 10, 7): 0.0
(3, 1, 10, 8): 0.0
(3, 1, 11, 1): 0.0
(3, 1, 11, 2): 0.0
(3, 1, 11, 3): 0.0
(3, 1, 11, 4): 0.0
(3, 1, 11, 5): 0.0
(3, 1, 11, 6): 0.0
(3, 1, 11, 7): 0.0
(3, 1, 11, 8): 0.0
(3, 1, 12, 1): 0.0
(3, 1, 12, 2): 0.0
(3, 1, 12, 3): 0.0
(3, 1, 12, 4): 0.0
(3, 1, 12, 5): 0.0
(3, 1, 12, 6): 0.0
(3, 1, 12, 7): 0.0
(3, 1, 12, 8): 0.0
(3, 2, 1, 1): -0.0
(3, 2, 1, 2): -0.0
(3, 2, 1, 3): -0.0
(3, 2, 1, 4): -0.0
(3, 2, 1, 5): -0.0
(3, 2, 1, 6): -0.0
(3, 2, 1, 7): -0.0
(3, 2, 1, 8): -0.0
(3, 2, 2, 1): 0.0
(3, 2, 2, 2): 0.0
(3, 2, 2, 3): 0.0
(3, 2, 2, 4): 0.0
(3, 2, 2, 5): 0.0
(3, 2, 2, 6): 0.0
(3, 2, 2, 7): 0.0
(3, 2, 2, 8): 0.0
(3, 2, 3, 1): 0.0
(3, 2, 3, 2): 0.0
(3, 2, 3, 3): 0.0
(3, 2, 3, 4): 0.0
(3, 2, 3, 5): 0.0
(3, 2, 3, 6): 0.0
(3, 2, 3, 7): 0.0
(3, 2, 3, 8): 0.0
(3, 2, 4, 1): 0.0
(3, 2, 4, 2): 0.0
(3, 2, 4, 3): 0.0
(3, 2, 4, 4): 0.0
(3, 2, 4, 5): 0.0
(3, 2, 4, 6): 0.0
(3, 2, 4, 7): 0.0
(3, 2, 4, 8): 0.0
(3, 2, 5, 1): 0.0
(3, 2, 5, 2): 0.0
(3, 2, 5, 3): 0.0
(3, 2, 5, 4): 0.0
(3, 2, 5, 5): 0.0
(3, 2, 5, 6): 0.0
(3, 2, 5, 7): 0.0
(3, 2, 5, 8): 0.0
(3, 2, 6, 1): 0.0
(3, 2, 6, 2): 0.0
(3, 2, 6, 3): 0.0
(3, 2, 6, 4): 0.0
(3, 2, 6, 5): 0.0
(3, 2, 6, 6): 0.0
(3, 2, 6, 7): 0.0
(3, 2, 6, 8): 0.0
(3, 2, 7, 1): 0.0
(3, 2, 7, 2): 0.0
(3, 2, 7, 3): 0.0
(3, 2, 7, 4): 0.0
(3, 2, 7, 5): 0.0
(3, 2, 7, 6): 0.0
(3, 2, 7, 7): 0.0
(3, 2, 7, 8): 0.0
(3, 2, 8, 1): 0.0
(3, 2, 8, 2): 0.0
(3, 2, 8, 3): 0.0
(3, 2, 8, 4): 0.0
(3, 2, 8, 5): 0.0
(3, 2, 8, 6): 0.0
(3, 2, 8, 7): 0.0
(3, 2, 8, 8): 0.0
(3, 2, 9, 1): 0.0
(3, 2, 9, 2): 0.0
(3, 2, 9, 3): 0.0
(3, 2, 9, 4): 0.0
(3, 2, 9, 5): 0.0
(3, 2, 9, 6): 0.0
(3, 2, 9, 7): 0.0
(3, 2, 9, 8): 0.0
(3, 2, 10, 1): 0.0
(3, 2, 10, 2): 0.0
(3, 2, 10, 3): 0.0
(3, 2, 10, 4): 0.0
(3, 2, 10, 5): 0.0
(3, 2, 10, 6): 0.0
(3, 2, 10, 7): 0.0
(3, 2, 10, 8): 0.0
(3, 2, 11, 1): 0.0
(3, 2, 11, 2): 0.0
(3, 2, 11, 3): 0.0
(3, 2, 11, 4): 0.0
(3, 2, 11, 5): 0.0
(3, 2, 11, 6): 0.0
(3, 2, 11, 7): 0.0
(3, 2, 11, 8): 0.0
(3, 2, 12, 1): 0.0
(3, 2, 12, 2): 0.0
(3, 2, 12, 3): 0.0
(3, 2, 12, 4): 0.0
(3, 2, 12, 5): 0.0
(3, 2, 12, 6): 0.0
(3, 2, 12, 7): 0.0
(3, 2, 12, 8): 0.0
(3, 3, 1, 1): -0.0
(3, 3, 1, 2): -0.0
(3, 3, 1, 3): -0.0
(3, 3, 1, 4): -0.0
(3, 3, 1, 5): -0.0
(3, 3, 1, 6): -0.0
(3, 3, 1, 7): -0.0
(3, 3, 1, 8): -0.0
(3, 3, 2, 1): 0.0
(3, 3, 2, 2): 0.0
(3, 3, 2, 3): 0.0
(3, 3, 2, 4): 0.0
(3, 3, 2, 5): 0.0
(3, 3, 2, 6): 0.0
(3, 3, 2, 7): 0.0
(3, 3, 2, 8): 0.0
(3, 3, 3, 1): 0.0
(3, 3, 3, 2): 0.0
(3, 3, 3, 3): 0.0
(3, 3, 3, 4): 0.0
(3, 3, 3, 5): 0.0
(3, 3, 3, 6): 0.0
(3, 3, 3, 7): 0.0
(3, 3, 3, 8): 0.0
(3, 3, 4, 1): 0.0
(3, 3, 4, 2): 0.0
(3, 3, 4, 3): 0.0
(3, 3, 4, 4): 0.0
(3, 3, 4, 5): 0.0
(3, 3, 4, 6): 0.0
(3, 3, 4, 7): 0.0
(3, 3, 4, 8): 0.0
(3, 3, 5, 1): 0.0
(3, 3, 5, 2): 0.0
(3, 3, 5, 3): 0.0
(3, 3, 5, 4): 0.0
(3, 3, 5, 5): 0.0
(3, 3, 5, 6): 0.0
(3, 3, 5, 7): 0.0
(3, 3, 5, 8): 0.0
(3, 3, 6, 1): 0.0
(3, 3, 6, 2): 0.0
(3, 3, 6, 3): 0.0
(3, 3, 6, 4): 0.0
(3, 3, 6, 5): 0.0
(3, 3, 6, 6): 0.0
(3, 3, 6, 7): 0.0
(3, 3, 6, 8): 0.0
(3, 3, 7, 1): 0.0
(3, 3, 7, 2): 0.0
(3, 3, 7, 3): 0.0
(3, 3, 7, 4): 0.0
(3, 3, 7, 5): 0.0
(3, 3, 7, 6): 0.0
(3, 3, 7, 7): 0.0
(3, 3, 7, 8): 0.0
(3, 3, 8, 1): 0.0
(3, 3, 8, 2): 0.0
(3, 3, 8, 3): 0.0
(3, 3, 8, 4): 0.0
(3, 3, 8, 5): 0.0
(3, 3, 8, 6): 0.0
(3, 3, 8, 7): 0.0
(3, 3, 8, 8): 0.0
(3, 3, 9, 1): 0.0
(3, 3, 9, 2): 0.0
(3, 3, 9, 3): 0.0
(3, 3, 9, 4): 0.0
(3, 3, 9, 5): 0.0
(3, 3, 9, 6): 0.0
(3, 3, 9, 7): 0.0
(3, 3, 9, 8): 0.0
(3, 3, 10, 1): 0.0
(3, 3, 10, 2): 0.0
(3, 3, 10, 3): 0.0
(3, 3, 10, 4): 0.0
(3, 3, 10, 5): 0.0
(3, 3, 10, 6): 0.0
(3, 3, 10, 7): 0.0
(3, 3, 10, 8): 0.0
(3, 3, 11, 1): 0.0
(3, 3, 11, 2): 0.0
(3, 3, 11, 3): 0.0
(3, 3, 11, 4): 0.0
(3, 3, 11, 5): 0.0
(3, 3, 11, 6): 0.0
(3, 3, 11, 7): 0.0
(3, 3, 11, 8): 0.0
(3, 3, 12, 1): 0.0
(3, 3, 12, 2): 0.0
(3, 3, 12, 3): 0.0
(3, 3, 12, 4): 0.0
(3, 3, 12, 5): 0.0
(3, 3, 12, 6): 0.0
(3, 3, 12, 7): 0.0
(3, 3, 12, 8): 0.0

Z
(1, 1): 30.0
(1, 2): -0.0
(1, 3): -0.0
(1, 4): -0.0
(1, 5): -0.0
(1, 6): -0.0
(1, 7): -0.0
(1, 8): -0.0
(1, 9): -0.0
(1, 10): -0.0
(1, 11): -0.0
(1, 12): -0.0
(2, 1): -0.0
(2, 2): -0.0
(2, 3): -0.0
(2, 4): -0.0
(2, 5): -0.0
(2, 6): -0.0
(2, 7): -0.0
(2, 8): -0.0
(2, 9): -0.0
(2, 10): -0.0
(2, 11): -0.0
(2, 12): -0.0
(3, 1): -0.0
(3, 2): -0.0
(3, 3): -0.0
(3, 4): -0.0
(3, 5): -0.0
(3, 6): -0.0
(3, 7): -0.0
(3, 8): -0.0
(3, 9): -0.0
(3, 10): -0.0
(3, 11): -0.0
(3, 12): -0.0

H
(1, 1): -0.0
(1, 2): 0.0
(1, 3): 0.0
(1, 4): 0.0
(1, 5): 0.0
(1, 6): 0.0
(1, 7): 0.0
(1, 8): 0.0
(1, 9): 0.0
(1, 10): 0.0
(1, 11): 0.0
(1, 12): -0.0
(2, 1): -0.0
(2, 2): 0.0
(2, 3): 0.0
(2, 4): 0.0
(2, 5): 0.0
(2, 6): 0.0
(2, 7): 0.0
(2, 8): 0.0
(2, 9): 0.0
(2, 10): 0.0
(2, 11): 0.0
(2, 12): -0.0
(3, 1): -0.0
(3, 2): 0.0
(3, 3): 0.0
(3, 4): 0.0
(3, 5): 0.0
(3, 6): 0.0
(3, 7): 0.0
(3, 8): 0.0
(3, 9): 0.0
(3, 10): 0.0
(3, 11): 0.0
(3, 12): -0.0

D
(1, 1): 6.0
(1, 2): 0.0
(1, 3): 2.0
(1, 4): -0.0
(1, 5): -0.0
(1, 6): -0.0
(1, 7): -0.0
(1, 8): -0.0
(1, 9): 2.0
(1, 10): -0.0
(1, 11): 1.0
(1, 12): -0.0
(2, 1): 32.0
(2, 2): 2.0
(2, 3): 1.0
(2, 4): -0.0
(2, 5): -0.0
(2, 6): -0.0
(2, 7): -0.0
(2, 8): -0.0
(2, 9): 1.0
(2, 10): 2.0
(2, 11): 0.0
(2, 12): -0.0
(3, 1): 5.0
(3, 2): 3.0
(3, 3): -0.0
(3, 4): -0.0
(3, 5): -0.0
(3, 6): -0.0
(3, 7): -0.0
(3, 8): 1.0
(3, 9): 1.0
(3, 10): 2.0
(3, 11): -0.0
(3, 12): -0.0

W
(1, 1): 12.0
(1, 2): 12.0
(1, 3): 10.0
(1, 4): 10.0
(1, 5): 10.0
(1, 6): 10.0
(1, 7): 10.0
(1, 8): 10.0
(1, 9): 8.0
(1, 10): 8.0
(1, 11): 7.0
(1, 12): 7.0
(2, 1): 11.0
(2, 2): 9.0
(2, 3): 8.0
(2, 4): 8.0
(2, 5): 8.0
(2, 6): 8.0
(2, 7): 8.0
(2, 8): 8.0
(2, 9): 7.0
(2, 10): 5.0
(2, 11): 5.0
(2, 12): 5.0
(3, 1): 14.0
(3, 2): 11.0
(3, 3): 11.0
(3, 4): 11.0
(3, 5): 11.0
(3, 6): 11.0
(3, 7): 11.0
(3, 8): 10.0
(3, 9): 9.0
(3, 10): 7.0
(3, 11): 7.0
(3, 12): 7.0

